1.15,18.52
1.18,18.206
1.21,17.892
1.24,17.578
1.27,17.081
1.3,16.453
1.33,15.825
1.36,15.131
1.39,13.876
1.42,12.621
1.45,11.365
1.48,10.011
1.51,8.5976
1.54,7.1842
1.57,5.8181
1.6,4.7199
1.63,3.6217
1.66,2.5235
1.69,1.5304
1.72,0.58912
1.75,-0.35218
1.78,-1.2637
1.81,-2.048
1.84,-2.8324
1.87,-3.6167
1.9,-4.2901
1.93,-4.9182
1.96,-5.5463
1.99,-6.2108
2.02,-6.9952
2.05,-7.7796
2.08,-8.564
2.11,-9.4667
2.14,-10.408
2.17,-11.349
2.2,-12.291
2.23,-13.232
2.26,-14.173
2.29,-15.114
2.32,-16.057
2.35,-16.999
2.38,-17.941
2.41,-18.833
2.44,-19.617
2.47,-20.402
2.5,-21.186
2.53,-21.839
2.56,-22.467
2.59,-23.094
2.62,-23.554
2.65,-23.711
2.68,-23.867
2.71,-24.024
2.74,-24.043
2.77,-24.043
2.8,-24.042
2.83,-24.042
2.86,-24.042
2.89,-24.042
2.92,-24.042
2.95,-23.752
2.98,-23.438
3.01,-23.124
3.04,-22.67
3.07,-22.043
3.1,-21.415
3.13,-20.787
3.16,-19.857
3.19,-18.915
3.22,-17.973
3.25,-17.032
3.28,-16.09
3.31,-15.148
3.34,-14.207
3.37,-13.264
3.4,-12.321
3.43,-11.379
3.46,-10.354
3.49,-9.2553
3.52,-8.1568
3.55,-7.0655
3.58,-6.1237
3.61,-5.1819
3.64,-4.2402
3.67,-3.3865
3.7,-2.6002
3.73,-1.814
3.76,-1.0133
3.79,-0.072484
3.82,0.86832
3.85,1.8091
3.88,2.6548
3.91,3.4396
3.94,4.2244
3.97,4.9889
4,5.6167
4.03,6.2446
4.06,6.8724
4.09,7.6028
4.12,8.3883
4.15,9.1739
4.18,9.9865
4.21,10.928
4.24,11.87
4.27,12.812
4.3,13.645
4.33,14.429
4.36,15.214
4.39,15.966
4.42,16.594
4.45,17.223
4.48,17.851
4.51,18.479
4.54,19.107
4.57,19.735
4.6,20.242
4.63,20.399
4.66,20.557
4.69,20.714
4.72,20.749
4.75,20.749
4.78,20.749
4.81,20.844
4.84,21.158
4.87,21.472
4.9,21.786
4.93,21.585
4.96,21.272
4.99,20.958
5.02,20.751
5.05,20.751
5.08,20.751
5.11,20.752
5.14,20.482
5.17,20.168
5.2,19.854
5.23,19.48
5.26,19.009
5.29,18.538
5.32,18.068
5.35,17.314
5.38,16.529
5.41,15.745
5.44,14.96
5.47,14.175
5.5,13.39
5.53,12.605
5.56,11.672
5.59,10.73
5.62,9.7891
5.65,8.7746
5.68,7.6764
5.71,6.5782
5.74,5.48
5.77,4.5357
5.8,3.5935
5.83,2.6513
5.86,1.7095
5.89,0.76821
5.92,-0.17309
5.95,-1.1144
5.98,-2.0557
6.01,-2.997
6.04,-3.9383
6.07,-4.7933
6.1,-5.5776
6.13,-6.362
6.16,-7.1244
6.19,-7.5953
6.22,-8.0662
6.25,-8.5371
6.28,-9.1941
6.31,-9.9786
6.34,-10.763
6.37,-11.583
6.4,-12.681
6.43,-13.78
6.46,-14.878
6.49,-15.877
6.52,-16.819
6.55,-17.762
6.58,-18.679
6.61,-19.463
6.64,-20.248
6.67,-21.032
6.7,-21.71
6.73,-22.338
6.76,-22.965
6.79,-23.5
6.82,-23.657
6.85,-23.813
6.88,-23.97
6.91,-24.014
6.94,-24.014
6.97,-24.014
7,-24.014
7.03,-24.013
7.06,-24.013
7.09,-24.013
7.12,-24.013
7.15,-24.013
7.18,-24.012
7.21,-23.88
7.24,-23.409
7.27,-22.938
7.3,-22.466
7.33,-21.743
7.36,-20.957
7.39,-20.172
7.42,-19.387
7.45,-18.603
7.48,-17.818
7.51,-17.034
7.54,-16.249
7.57,-15.464
7.6,-14.678
7.63,-13.778
7.66,-12.679
7.69,-11.58
7.72,-10.482
7.75,-9.3823
7.78,-8.2826
7.81,-7.1829
7.84,-6.2126
7.87,-5.4285
7.9,-4.6444
7.93,-3.8603
7.96,-3.2205
7.99,-2.592
8.02,-1.9635
8.05,-1.2647
8.08,-0.47995
8.11,0.3048
8.14,1.0896
8.17,2.0266
8.2,2.9683
8.23,3.91
8.26,4.7752
8.29,5.5608
8.32,6.3464
8.35,7.1299
8.38,7.7577
8.41,8.3856
8.44,9.0135
8.47,9.725
8.5,10.51
8.53,11.295
8.56,12.079
8.59,12.865
8.62,13.651
8.65,14.436
8.68,15.04
8.71,15.511
8.74,15.982
8.77,16.408
8.8,16.408
8.83,16.408
8.86,16.409
8.89,16.215
8.92,15.902
8.95,15.588
8.98,15.274
9.01,14.96
9.04,14.646
9.07,14.333
9.1,14.019
9.13,13.705
9.16,13.392
9.19,12.993
9.22,12.209
9.25,11.424
9.28,10.64
9.31,9.6347
9.34,8.5354
9.37,7.4362
9.4,6.3371
9.43,5.2389
9.46,4.1407
9.49,3.0424
9.52,1.9442
9.55,0.84601
9.58,-0.25219
9.61,-1.3091
9.64,-2.2504
9.67,-3.1917
9.7,-4.133
9.73,-4.9519
9.76,-5.737
9.79,-6.5222
9.82,-7.3552
9.85,-8.2965
9.88,-9.2379
9.91,-10.179
9.94,-11.25
9.97,-12.348
10,-13.447
10.03,-14.491
10.06,-15.433
10.09,-16.375
10.12,-17.317
10.15,-18.259
10.18,-19.2
10.21,-20.141
10.24,-21.083
10.27,-22.024
10.3,-22.965
10.33,-23.907
10.36,-24.705
10.39,-25.489
10.42,-26.274
10.45,-26.924
10.48,-27.395
10.51,-27.867
10.54,-28.338
10.57,-28.358
10.6,-28.358
10.63,-28.358
10.66,-28.209
10.69,-27.895
10.72,-27.581
10.75,-27.267
10.78,-26.796
10.81,-26.325
10.84,-25.854
10.87,-25.139
10.9,-24.196
10.93,-23.254
10.96,-22.292
10.99,-20.881
11.02,-19.47
11.05,-18.059
11.08,-16.472
11.11,-14.744
11.14,-13.016
11.17,-11.301
11.2,-9.7311
11.23,-8.1617
11.26,-6.5923
11.29,-5.2112
11.32,-3.9557
11.35,-2.7001
11.38,-1.4257
11.41,-0.013275
11.44,1.3992
11.47,2.8116
11.5,4.3255
11.53,5.8964
11.56,7.4673
11.59,8.9867
11.62,10.242
11.65,11.498
11.68,12.753
11.71,13.58
11.74,14.208
11.77,14.836
11.8,15.336
11.83,15.336
11.86,15.337
11.89,15.337
11.92,15.109
11.95,14.796
11.98,14.482
12.01,14.052
12.04,13.268
12.07,12.483
12.1,11.699
12.13,10.313
12.16,8.7437
12.19,7.1747
12.22,5.5602
12.25,3.8327
12.28,2.1051
12.31,0.37759
12.34,-1.0944
12.37,-2.5065
12.4,-3.9185
12.43,-5.3823
12.46,-6.9513
12.49,-8.5203
12.52,-10.089
12.55,-11.793
12.58,-13.521
12.61,-15.248
12.64,-16.858
12.67,-18.27
12.7,-19.682
12.73,-21.094
12.76,-22.086
12.79,-23.027
12.82,-23.968
12.85,-24.715
12.88,-25.186
12.91,-25.657
12.94,-26.128
12.97,-26.157
13,-26.157
13.03,-26.157
13.06,-25.87
13.09,-25.242
13.12,-24.615
13.15,-23.987
13.18,-22.593
13.21,-21.18
13.24,-19.768
13.27,-18.043
13.3,-16.001
13.33,-13.958
13.36,-11.92
13.39,-10.036
13.42,-8.1531
13.45,-6.2698
13.48,-4.6408
13.51,-3.2283
13.54,-1.8159
13.57,-0.39378
13.6,1.1786
13.63,2.751
13.66,4.3234
13.69,5.9851
13.72,7.7097
13.75,9.4344
13.78,11.111
13.81,12.366
13.84,13.622
13.87,14.877
13.9,15.35
13.93,15.351
13.96,15.351
13.99,15.282
14.02,14.812
14.05,14.341
14.08,13.87
14.11,12.877
14.14,11.622
14.17,10.366
14.2,9.0233
14.23,7.2974
14.26,5.5715
14.29,3.8456
14.32,2.0075
14.35,0.12291
14.38,-1.7617
14.41,-3.6463
14.44,-5.5309
14.47,-7.4155
14.5,-9.3002
14.53,-11.183
14.56,-13.066
14.59,-14.949
14.62,-16.832
14.65,-18.715
14.68,-20.597
14.71,-22.48
14.74,-23.367
14.77,-23.994
14.8,-24.622
14.83,-25.052
14.86,-25.052
14.89,-25.052
14.92,-25.052
14.95,-24.529
14.98,-23.901
15.01,-23.273
15.04,-22.368
15.07,-20.954
15.1,-19.54
15.13,-18.126
15.16,-16.026
15.19,-13.829
15.22,-11.632
15.25,-9.5591
15.28,-7.6759
15.31,-5.7927
15.34,-3.9094
15.37,-2.1685
15.4,-0.4406
15.43,1.2873
15.46,3.1527
15.49,5.1928
15.52,7.233
15.55,9.2731
15.58,11.112
15.61,12.943
15.64,14.774
15.67,16.129
15.7,16.967
15.73,17.805
15.76,18.638
15.79,18.168
15.82,17.697
15.85,17.226
15.88,16.427
15.91,15.329
15.94,14.231
15.97,13.092
16,11.052
16.03,9.0122
16.06,6.9725
16.09,4.8432
16.12,2.6444
16.15,0.44566
16.18,-1.7257
16.21,-3.6085
16.24,-5.4913
16.27,-7.3741
16.3,-9.4473
16.33,-11.644
16.36,-13.841
16.39,-16.018
16.42,-18.059
16.45,-20.101
16.48,-22.143
16.51,-23.469
16.54,-24.41
16.57,-25.352
16.6,-25.999
16.63,-25.215
16.66,-24.43
16.69,-23.645
16.72,-22.211
16.75,-20.484
16.78,-18.758
16.81,-16.867
16.84,-14.353
16.87,-11.84
16.9,-9.3267
16.93,-6.8152
16.96,-4.3043
16.99,-1.7934
17.02,0.67771
17.05,3.0317
17.08,5.3857
17.11,7.7396
17.14,9.6095
17.17,11.338
17.2,13.066
17.23,14.584
17.26,15.604
17.29,16.624
17.32,17.644
17.35,17.767
17.38,17.689
17.41,17.611
17.44,17.083
17.47,15.67
17.5,14.256
17.53,12.843
17.56,10.213
17.59,7.3864
17.62,4.5594
17.65,1.6732
17.68,-1.308
17.71,-4.2893
17.74,-7.2705
17.77,-9.9659
17.8,-12.631
17.83,-15.296
17.86,-17.523
17.89,-19.146
17.92,-20.768
17.95,-22.391
17.98,-21.694
18.01,-20.856
18.04,-20.019
18.07,-18.334
18.1,-15.666
18.13,-12.998
18.16,-10.331
18.19,-6.8881
18.22,-3.4324
18.25,0.023311
18.28,3.3183
18.31,6.4569
18.34,9.5955
18.37,12.702
18.4,14.638
18.43,16.573
18.46,18.509
18.49,19.014
18.52,18.334
18.55,17.653
18.58,16.878
18.61,14.838
18.64,12.798
18.67,10.758
18.7,8.0706
18.73,4.9324
18.76,1.7943
18.79,-1.3784
18.82,-4.8304
18.85,-8.2824
18.88,-11.734
18.91,-14.694
18.94,-17.364
18.97,-20.034
19,-22.318
19.03,-22.475
19.06,-22.632
19.09,-22.788
19.12,-22.205
19.15,-21.264
19.18,-20.322
19.21,-19.076
19.24,-16.563
19.27,-14.05
19.3,-11.537
19.33,-8.6876
19.36,-5.7059
19.39,-2.7243
19.42,0.14596
19.45,2.6568
19.48,5.1677
19.51,7.6786
19.54,10.071
19.57,12.425
19.6,14.779
19.63,16.742
19.66,17.685
19.69,18.628
19.72,19.57
19.75,19.508
19.78,19.194
19.81,18.881
19.84,18.367
19.87,17.425
19.9,16.484
19.93,15.542
19.96,13.808
19.99,11.924
20.02,10.039
20.05,8.0411
20.08,5.8445
20.11,3.6478
20.14,1.4512
20.17,-0.46822
20.2,-2.351
20.23,-4.2338
20.26,-6.0534
20.29,-7.7793
20.32,-9.5051
20.35,-11.231
20.38,-13.104
20.41,-14.988
20.44,-16.873
20.47,-18.616
20.5,-20.185
20.53,-21.754
20.56,-23.323
20.59,-24.437
20.62,-25.535
20.65,-26.634
20.68,-27.35
20.71,-27.664
20.74,-27.978
20.77,-28.288
20.8,-28.288
20.83,-28.288
20.86,-28.288
20.89,-27.953
20.92,-27.326
20.95,-26.699
20.98,-26.048
21.01,-24.948
21.04,-23.849
21.07,-22.749
21.1,-21.47
21.13,-20.058
21.16,-18.645
21.19,-17.203
21.22,-15.477
21.25,-13.751
21.28,-12.024
21.31,-10.298
21.34,-8.5718
21.37,-6.8455
21.4,-5.1399
21.43,-3.5691
21.46,-1.9982
21.49,-0.42729
21.52,1.0396
21.55,2.4521
21.58,3.8645
21.61,5.305
21.64,6.8759
21.67,8.4467
21.7,10.018
21.73,11.587
21.76,13.157
21.79,14.726
21.82,16.227
21.85,17.482
21.88,18.738
21.91,19.993
21.94,20.668
21.97,21.139
22,21.611
22.03,21.959
22.06,21.959
22.09,21.96
22.12,21.96
22.15,21.591
22.18,21.121
22.21,20.65
22.24,19.989
22.27,18.891
22.3,17.792
22.33,16.694
22.36,15.079
22.39,13.353
22.42,11.627
22.45,9.9007
22.48,8.1732
22.51,6.4457
22.54,4.7181
22.57,3.128
22.6,1.559
22.63,-0.0099376
22.66,-1.5789
22.69,-3.1479
22.72,-4.7169
22.75,-6.2858
22.78,-7.9986
22.81,-9.7262
22.84,-11.454
22.87,-13.248
22.9,-15.131
22.93,-17.014
22.96,-18.896
22.99,-20.63
23.02,-22.356
23.05,-24.082
23.08,-25.66
23.11,-27.072
23.14,-28.484
23.17,-29.897
23.2,-30.688
23.23,-31.473
23.26,-32.258
23.29,-32.479
23.32,-32.165
23.35,-31.851
23.38,-31.531
23.41,-31.06
23.44,-30.589
23.47,-30.119
23.5,-29.561
23.53,-28.932
23.56,-28.304
23.59,-27.651
23.62,-26.709
23.65,-25.768
23.68,-24.826
23.71,-23.604
23.74,-22.191
23.77,-20.779
23.8,-19.329
23.83,-17.601
23.86,-15.873
23.89,-14.145
23.92,-12.419
23.95,-10.692
23.98,-8.966
24.01,-7.2899
24.04,-5.8774
24.07,-4.4649
24.1,-3.0525
24.13,-1.4266
24.16,0.29968
24.19,2.026
24.22,3.8154
24.25,5.8575
24.28,7.8996
24.31,9.9417
24.34,11.755
24.37,13.482
24.4,15.208
24.43,16.858
24.46,18.27
24.49,19.683
24.52,21.095
24.55,22.029
24.58,22.815
24.61,23.601
24.64,24.161
24.67,24.161
24.7,24.162
24.73,24.162
24.76,23.782
24.79,23.311
24.82,22.84
24.85,22.213
24.88,21.272
24.91,20.331
24.94,19.389
24.97,18.181
25,16.926
25.03,15.671
25.06,14.358
25.09,12.946
25.12,11.534
25.15,10.122
25.18,8.57
25.21,7.001
25.24,5.432
25.27,3.8624
25.3,2.2919
25.33,0.72145
25.36,-0.84904
25.39,-2.4181
25.42,-3.9871
25.45,-5.5561
25.48,-7.1962
25.51,-8.9221
25.54,-10.648
25.57,-12.374
25.6,-14.101
25.63,-15.829
25.66,-17.556
25.69,-19.127
25.72,-20.539
25.75,-21.951
25.78,-23.358
25.81,-24.456
25.84,-25.555
25.87,-26.653
25.9,-27.583
25.93,-28.367
25.96,-29.151
25.99,-29.927
26.02,-30.555
26.05,-31.183
26.08,-31.811
26.11,-32.166
26.14,-32.322
26.17,-32.479
26.2,-32.588
26.23,-32.274
26.26,-31.96
26.29,-31.646
26.32,-31.235
26.35,-30.763
26.38,-30.292
26.41,-29.776
26.44,-28.991
26.47,-28.206
26.5,-27.422
26.53,-26.325
26.56,-25.069
26.59,-23.814
26.62,-22.5
26.65,-20.931
26.68,-19.362
26.71,-17.792
26.74,-16.332
26.77,-14.919
26.8,-13.505
26.83,-12.127
26.86,-10.871
26.89,-9.6156
26.92,-8.36
26.95,-7.1045
26.98,-5.849
27.01,-4.5934
27.04,-3.2957
27.07,-1.8818
27.1,-0.46803
27.13,0.94578
27.16,2.4825
27.19,4.0519
27.22,5.6213
27.25,7.1906
27.28,8.76
27.31,10.329
27.34,11.899
27.37,13.339
27.4,14.753
27.43,16.167
27.46,17.525
27.49,18.782
27.52,20.039
27.55,21.295
27.58,22.413
27.61,23.51
27.64,24.608
27.67,25.397
27.7,25.711
27.73,26.026
27.76,26.34
27.79,26.08
27.82,25.766
27.85,25.452
27.88,25.001
27.91,24.374
27.94,23.746
27.97,23.119
28,22.191
28.03,21.25
28.06,20.308
28.09,19.217
28.12,17.961
28.15,16.704
28.18,15.448
28.21,13.722
28.24,11.996
28.27,10.27
28.3,8.6257
28.33,7.0568
28.36,5.4878
28.39,3.9188
28.42,2.3499
28.45,0.78089
28.48,-0.78808
28.51,-2.3579
28.54,-3.9284
28.57,-5.4988
28.6,-7.0822
28.63,-8.8082
28.66,-10.534
28.69,-12.26
28.72,-14.081
28.75,-15.963
28.78,-17.846
28.81,-19.69
28.84,-21.261
28.87,-22.831
28.9,-24.402
28.93,-25.701
28.96,-26.851
28.99,-28.002
29.02,-28.978
29.05,-29.082
29.08,-29.186
29.11,-29.291
29.14,-29
29.17,-28.528
29.2,-28.057
29.23,-27.454
29.26,-26.356
29.29,-25.257
29.32,-24.158
29.35,-22.487
29.38,-20.604
29.41,-18.721
29.44,-16.72
29.47,-14.366
29.5,-12.012
29.53,-9.6578
29.56,-7.6649
29.59,-5.7799
29.62,-3.8948
29.65,-2.1024
29.68,-0.533
29.71,1.0364
29.74,2.6057
29.77,4.4304
29.8,6.3136
29.83,8.1968
29.86,10.028
29.89,11.756
29.92,13.484
29.95,15.212
29.98,16.804
30.01,18.374
30.04,19.943
30.07,21.424
30.1,22.758
30.13,24.092
30.16,25.426
30.19,25.775
30.22,26.011
30.25,26.247
30.28,26.252
30.31,25.939
30.34,25.625
30.37,25.311
30.4,24.703
30.43,24.075
30.46,23.447
30.49,22.531
30.52,21.276
30.55,20.021
30.58,18.766
30.61,17.2
30.64,15.628
30.67,14.056
30.7,12.486
30.73,10.919
30.76,9.3514
30.79,7.7802
30.82,6.0543
30.85,4.3284
30.88,2.6025
30.91,0.87574
30.94,-0.85181
30.97,-2.5793
31,-4.2859
31.03,-5.6979
31.06,-7.1099
31.09,-8.522
31.12,-10.026
31.15,-11.595
31.18,-13.164
31.21,-14.75
31.24,-16.476
31.27,-18.202
31.3,-19.928
31.33,-21.359
31.36,-22.615
31.39,-23.872
31.42,-25.081
31.45,-26.022
31.48,-26.963
31.51,-27.905
31.54,-28.741
31.57,-29.526
31.6,-30.312
31.63,-31.097
31.66,-31.881
31.69,-32.665
31.72,-33.45
31.75,-33.898
31.78,-34.212
31.81,-34.525
31.84,-34.692
31.87,-34.378
31.9,-34.064
31.93,-33.75
31.96,-33.199
31.99,-32.571
32.02,-31.943
32.05,-31.184
32.08,-30.086
32.11,-28.987
32.14,-27.888
32.17,-26.54
32.2,-25.127
32.23,-23.715
32.26,-22.352
32.29,-21.097
32.32,-19.841
32.35,-18.585
32.38,-17.329
32.41,-16.072
32.44,-14.815
32.47,-13.559
32.5,-12.304
32.53,-11.048
32.56,-9.7924
32.59,-8.6749
32.62,-7.5763
32.65,-6.4777
32.68,-5.3786
32.71,-4.2789
32.74,-3.1792
32.77,-2.0795
32.8,-0.98081
32.83,0.1178
32.86,1.2164
32.89,2.3846
32.92,3.6401
32.95,4.8957
32.98,6.1512
33.01,7.2556
33.04,8.3543
33.07,9.4529
33.1,10.476
33.13,11.419
33.16,12.361
33.19,13.304
33.22,14.246
33.25,15.187
33.28,16.129
33.31,17.154
33.34,18.252
33.37,19.351
33.4,20.445
33.43,21.44
33.46,22.435
33.49,23.43
33.52,23.917
33.55,24.022
33.58,24.127
33.61,24.194
33.64,23.881
33.67,23.567
33.7,23.253
33.73,22.748
33.76,22.119
33.79,21.49
33.82,20.776
33.85,19.52
33.88,18.265
33.91,17.01
33.94,15.653
33.97,14.242
34,12.831
34.03,11.448
34.06,10.192
34.09,8.9373
34.12,7.6822
34.15,6.3173
34.18,4.9039
34.21,3.4904
34.24,2.1111
34.27,0.85475
34.3,-0.40155
34.33,-1.6579
34.36,-2.6804
34.39,-3.6208
34.42,-4.5612
34.45,-5.5424
34.48,-6.6417
34.51,-7.741
34.54,-8.8403
34.57,-10.061
34.6,-11.316
34.63,-12.571
34.66,-13.78
34.69,-14.879
34.72,-15.978
34.75,-17.078
34.78,-18.175
34.81,-19.272
34.84,-20.369
34.87,-21.521
34.9,-22.777
34.93,-24.033
34.96,-25.29
34.99,-26.41
35.02,-27.508
35.05,-28.606
35.08,-29.644
35.11,-30.585
35.14,-31.527
35.17,-32.468
35.2,-32.842
35.23,-33.156
35.26,-33.47
35.29,-33.65
35.32,-33.65
35.35,-33.65
35.38,-33.649
35.41,-33.204
35.44,-32.733
35.47,-32.262
35.5,-31.644
35.53,-30.859
35.56,-30.073
35.59,-29.288
35.62,-28.347
35.65,-27.406
35.68,-26.464
35.71,-25.522
35.74,-24.581
35.77,-23.639
35.8,-22.692
35.83,-21.594
35.86,-20.495
35.89,-19.397
35.92,-18.125
35.95,-16.711
35.98,-15.297
36.01,-13.883
36.04,-12.471
36.07,-11.058
36.1,-9.6458
36.13,-8.4196
36.16,-7.3209
36.19,-6.2223
36.22,-5.1591
36.25,-4.3735
36.28,-3.588
36.31,-2.8024
36.34,-2.0173
36.37,-1.2326
36.4,-0.44779
36.43,0.36157
36.46,1.3033
36.49,2.245
36.52,3.1867
36.55,4.1284
36.58,5.0701
36.61,6.0119
36.64,6.9846
36.67,8.0843
36.7,9.184
36.73,10.284
36.76,11.27
36.79,12.211
36.82,13.153
36.85,14.02
36.88,14.647
36.91,15.275
36.94,15.903
36.97,16.651
37,17.436
37.03,18.222
37.06,19.052
37.09,19.993
37.12,20.935
37.15,21.877
37.18,22.734
37.21,23.572
37.24,24.409
37.27,25.009
37.3,25.114
37.33,25.219
37.36,25.324
37.39,24.809
37.42,24.18
37.45,23.552
37.48,22.866
37.51,22.083
37.54,21.299
37.57,20.516
37.6,19.731
37.63,18.947
37.66,18.162
37.69,17.25
37.72,16.151
37.75,15.051
37.78,13.952
37.81,12.853
37.84,11.754
37.87,10.654
37.9,9.556
37.93,8.4588
37.96,7.3616
37.99,6.2644
38.02,5.1652
38.05,4.0659
38.08,2.9667
38.11,1.8679
38.14,0.7697
38.17,-0.32853
38.2,-1.4247
38.23,-2.3659
38.26,-3.3072
38.29,-4.2484
38.32,-5.1065
38.35,-5.8916
38.38,-6.6768
38.41,-7.4708
38.44,-8.4121
38.47,-9.3534
38.5,-10.295
38.53,-11.327
38.56,-12.425
38.59,-13.523
38.62,-14.636
38.65,-15.892
38.68,-17.147
38.71,-18.402
38.74,-19.464
38.77,-20.406
38.8,-21.348
38.83,-22.268
38.86,-23.053
38.89,-23.837
38.92,-24.622
38.95,-25.406
38.98,-26.19
39.01,-26.975
39.04,-27.731
39.07,-28.359
39.1,-28.987
39.13,-29.615
39.16,-30.132
39.19,-30.603
39.22,-31.073
39.25,-31.369
39.28,-31.055
39.31,-30.74
39.34,-30.426
39.37,-29.996
39.4,-29.525
39.43,-29.054
39.46,-28.5
39.49,-27.715
39.52,-26.929
39.55,-26.144
39.58,-25.235
39.61,-24.294
39.64,-23.352
39.67,-22.41
39.7,-21.469
39.73,-20.527
39.76,-19.585
39.79,-18.643
39.82,-17.7
39.85,-16.757
39.88,-15.705
39.91,-14.45
39.94,-13.194
39.97,-11.939
40,-10.683
40.03,-9.4275
40.06,-8.172
40.09,-7.0997
40.12,-6.3141
40.15,-5.5285
40.18,-4.7429
40.21,-4.1014
40.24,-3.4735
40.27,-2.8456
40.3,-2.1498
40.33,-1.365
40.36,-0.5803
40.39,0.20445
40.42,1.1388
40.45,2.0806
40.48,3.0223
40.51,4.0393
40.54,5.14
40.57,6.2407
40.6,7.3414
40.63,8.5958
40.66,9.8501
40.69,11.104
40.72,12.197
40.75,13.139
40.78,14.081
40.81,15.011
40.84,15.64
40.87,16.268
40.9,16.897
40.93,17.525
40.96,18.153
40.99,18.78
41.02,19.408
41.05,20.037
41.08,20.665
41.11,21.294
41.14,21.827
41.17,22.298
41.2,22.768
41.23,23.144
41.26,22.831
41.29,22.517
41.32,22.203
41.35,21.889
41.38,21.576
41.41,21.262
41.44,20.923
41.47,20.452
41.5,19.98
41.53,19.509
41.56,18.823
41.59,18.039
41.62,17.254
41.65,16.437
41.68,15.496
41.71,14.555
41.74,13.613
41.77,12.672
41.8,11.731
41.83,10.79
41.86,9.848
41.89,8.9058
41.92,7.9636
41.95,7.0214
41.98,6.0799
42.01,5.1386
42.04,4.1973
42.07,3.256
42.1,2.3147
42.13,1.3734
42.16,0.43205
42.19,-0.50926
42.22,-1.4506
42.25,-2.3919
42.28,-3.3335
42.31,-4.2757
42.34,-5.2178
42.37,-6.16
42.4,-6.9676
42.43,-7.7519
42.46,-8.5363
42.49,-9.4378
42.52,-10.536
42.55,-11.634
42.58,-12.733
42.61,-13.972
42.64,-15.228
42.67,-16.485
42.7,-17.61
42.73,-18.551
42.76,-19.492
42.79,-20.434
42.82,-21.375
42.85,-22.316
42.88,-23.258
42.91,-24.127
42.94,-24.912
42.97,-25.696
43,-26.48
43.03,-27.112
43.06,-27.74
43.09,-28.368
43.12,-28.761
43.15,-28.917
43.18,-29.074
43.21,-29.227
43.24,-29.227
43.27,-29.227
43.3,-29.227
43.33,-29.057
43.36,-28.742
43.39,-28.428
43.42,-28.104
43.45,-27.633
43.48,-27.162
43.51,-26.691
43.54,-26.037
43.57,-25.253
43.6,-24.468
43.63,-23.683
43.66,-22.897
43.69,-22.11
43.72,-21.324
43.75,-20.44
43.78,-19.499
43.81,-18.559
43.84,-17.618
43.87,-16.676
43.9,-15.734
43.93,-14.793
43.96,-13.955
43.99,-13.171
44.02,-12.386
44.05,-11.572
44.08,-10.629
44.11,-9.6864
44.14,-8.7438
44.17,-7.9127
44.2,-7.1271
44.23,-6.3415
44.26,-5.5929
44.29,-4.9656
44.32,-4.3383
44.35,-3.7111
44.38,-2.9651
44.41,-2.1796
44.44,-1.394
44.47,-0.60872
44.5,0.17611
44.53,0.96093
44.56,1.7458
44.59,2.6557
44.62,3.5983
44.65,4.5408
44.68,5.4829
44.71,6.4237
44.74,7.3646
44.77,8.3054
44.8,9.1169
44.83,9.9024
44.86,10.688
44.89,11.529
44.92,12.471
44.95,13.413
44.98,14.354
45.01,15.158
45.04,15.943
45.07,16.728
45.1,17.389
45.13,17.86
45.16,18.332
45.19,18.803
45.22,19.13
45.25,19.444
45.28,19.758
45.31,19.934
45.34,19.934
45.37,19.934
45.4,19.934
45.43,19.633
45.46,19.319
45.49,19.005
45.52,18.843
45.55,18.843
45.58,18.843
45.61,18.842
45.64,18.371
45.67,17.901
45.7,17.43
45.73,16.795
45.76,16.011
45.79,15.227
45.82,14.449
45.85,13.821
45.88,13.193
45.91,12.565
45.94,12.026
45.97,11.556
46,11.085
46.03,10.587
46.06,9.8027
46.09,9.0183
46.12,8.2339
46.15,7.3537
46.18,6.4115
46.21,5.4693
46.24,4.5272
46.27,3.5859
46.3,2.6446
46.33,1.7033
46.36,0.76201
46.39,-0.1793
46.42,-1.1206
46.45,-2.0354
46.48,-2.8205
46.51,-3.6055
46.54,-4.3906
46.57,-5.0664
46.6,-5.6939
46.63,-6.3214
46.66,-6.9488
46.69,-7.5763
46.72,-8.2038
46.75,-8.8313
46.78,-9.5738
46.81,-10.358
46.84,-11.143
46.87,-12.007
46.9,-13.106
46.93,-14.205
46.96,-15.305
46.99,-16.403
47.02,-17.501
47.05,-18.6
47.08,-19.605
47.11,-20.389
47.14,-21.173
47.17,-21.958
47.2,-22.743
47.23,-23.528
47.26,-24.313
47.29,-25.098
47.32,-25.883
47.35,-26.668
47.38,-27.454
47.41,-27.696
47.44,-27.852
47.47,-28.009
47.5,-28.106
47.53,-28.106
47.56,-28.105
47.59,-28.105
47.62,-28.105
47.65,-28.105
47.68,-28.105
47.71,-27.971
47.74,-27.657
47.77,-27.343
47.8,-27.028
47.83,-26.566
47.86,-26.096
47.89,-25.625
47.92,-25.009
47.95,-24.224
47.98,-23.438
48.01,-22.652
48.04,-21.868
48.07,-21.083
48.1,-20.298
48.13,-19.593
48.16,-18.965
48.19,-18.337
48.22,-17.705
48.25,-16.919
48.28,-16.134
48.31,-15.348
48.34,-14.477
48.37,-13.535
48.4,-12.593
48.43,-11.652
48.46,-10.71
48.49,-9.7684
48.52,-8.8266
48.55,-7.8849
48.58,-6.9432
48.61,-6.0015
48.64,-5.0942
48.67,-4.4656
48.7,-3.837
48.73,-3.2084
48.76,-2.5803
48.79,-1.9526
48.82,-1.3248
48.85,-0.67299
48.88,0.11183
48.91,0.89665
48.94,1.6815
48.97,2.4668
49,3.2523
49.03,4.0378
49.06,4.8232
49.09,5.608
49.12,6.3928
49.15,7.1777
49.18,7.9625
49.21,8.7472
49.24,9.532
49.27,10.317
49.3,11.102
49.33,11.886
49.36,12.671
49.39,13.338
49.42,13.966
49.45,14.595
49.48,15.223
49.51,15.851
49.54,16.479
49.57,17.107
49.6,17.735
49.63,18.362
49.66,18.99
49.69,19.568
49.72,20.04
49.75,20.511
49.78,20.983
49.81,21.057
49.84,21.057
49.87,21.057
49.9,21.057
49.93,21.058
49.96,21.058
49.99,21.058
50.02,21.058
50.05,21.058
50.08,21.059
50.11,21.059
50.14,21.059
50.17,21.059
50.2,21.059
50.23,20.769
50.26,20.455
50.29,20.142
50.32,19.758
50.35,19.287
50.38,18.816
50.41,18.346
50.44,17.722
50.47,17.094
50.5,16.465
50.53,15.837
50.56,15.21
50.59,14.584
50.62,13.957
50.65,13.329
50.68,12.702
50.71,12.074
50.74,11.363
50.77,10.578
50.8,9.7928
50.83,9.0077
50.86,8.2226
50.89,7.4375
50.92,6.6524
50.95,5.9585
50.98,5.3316
51.01,4.7048
51.04,4.0632
51.07,3.2788
51.1,2.4944
51.13,1.7099
51.16,0.9251
51.19,0.14
51.22,-0.6451
51.25,-1.4087
51.28,-2.0361
51.31,-2.6636
51.34,-3.291
51.37,-3.9189
51.4,-4.547
51.43,-5.1751
51.46,-5.803
51.49,-6.4305
51.52,-7.058
51.55,-7.6855
51.58,-8.5326
51.61,-9.474
51.64,-10.415
51.67,-11.391
51.7,-12.489
51.73,-13.588
51.76,-14.686
51.79,-15.552
51.82,-16.337
51.85,-17.123
51.88,-17.866
51.91,-18.494
51.94,-19.121
51.97,-19.749
52,-20.007
52.03,-20.164
52.06,-20.32
52.09,-20.525
52.12,-20.838
52.15,-21.152
52.18,-21.465
52.21,-21.909
52.24,-22.38
52.27,-22.851
52.3,-23.322
52.33,-23.792
52.36,-24.263
52.39,-24.733
52.42,-25.068
52.45,-25.381
52.48,-25.695
52.51,-25.887
52.54,-25.887
52.57,-25.887
52.6,-25.887
52.63,-25.887
52.66,-25.886
52.69,-25.886
52.72,-25.751
52.75,-25.437
52.78,-25.123
52.81,-24.809
52.84,-24.495
52.87,-24.181
52.9,-23.867
52.93,-23.405
52.96,-22.777
52.99,-22.148
53.02,-21.52
53.05,-20.736
53.08,-19.951
53.11,-19.166
53.14,-18.462
53.17,-17.834
53.2,-17.206
53.23,-16.568
53.26,-15.625
53.29,-14.683
53.32,-13.74
53.35,-12.711
53.38,-11.612
53.41,-10.514
53.44,-9.427
53.47,-8.4853
53.5,-7.5436
53.53,-6.6019
53.56,-5.7529
53.59,-4.9665
53.62,-4.1802
53.65,-3.4135
53.68,-2.7862
53.71,-2.1588
53.74,-1.5315
53.77,-0.80347
53.8,-0.01874
53.83,0.76599
53.86,1.5758
53.89,2.5175
53.92,3.4592
53.95,4.401
53.98,5.3433
54.01,6.2859
54.04,7.2285
54.07,8.171
54.1,9.1127
54.13,10.054
54.16,10.996
54.19,11.938
54.22,12.88
54.25,13.821
54.28,14.763
54.31,15.706
54.34,16.648
54.37,17.591
54.4,18.292
54.43,18.92
54.46,19.549
54.49,20.177
54.52,20.805
54.55,21.433
54.58,22.062
54.61,22.816
54.64,23.6
54.67,24.384
54.7,24.964
54.73,25.121
54.76,25.278
54.79,25.436
54.82,25.193
54.85,24.879
54.88,24.565
54.91,24.252
54.94,23.938
54.97,23.625
55,23.311
55.03,22.857
55.06,22.386
55.09,21.915
55.12,21.314
55.15,20.53
55.18,19.745
55.21,18.961
55.24,17.884
55.27,16.786
55.3,15.687
55.33,14.589
55.36,13.489
55.39,12.39
55.42,11.291
55.45,10.499
55.48,9.7148
55.51,8.9304
55.54,8.224
55.57,7.5965
55.6,6.9691
55.63,6.3416
55.66,5.7141
55.69,5.0867
55.72,4.4592
55.75,3.7471
55.78,2.9619
55.81,2.1768
55.84,1.3916
55.87,0.6073
55.9,-0.17704
55.93,-0.96138
55.96,-1.7458
55.99,-2.5302
56.02,-3.3146
56.05,-4.0991
56.08,-4.8843
56.11,-5.6694
56.14,-6.4545
56.17,-7.4348
56.2,-8.533
56.23,-9.6313
56.26,-10.752
56.29,-12.007
56.32,-13.262
56.35,-14.517
56.38,-15.669
56.41,-16.768
56.44,-17.868
56.47,-18.967
56.5,-20.065
56.53,-21.163
56.56,-22.261
56.59,-23.138
56.62,-23.922
56.65,-24.707
56.68,-25.526
56.71,-26.468
56.74,-27.409
56.77,-28.351
56.8,-29.175
56.83,-29.96
56.86,-30.745
56.89,-31.318
56.92,-31.318
56.95,-31.318
56.98,-31.318
57.01,-31.069
57.04,-30.755
57.07,-30.441
57.1,-29.932
57.13,-28.99
57.16,-28.048
57.19,-27.105
57.22,-25.77
57.25,-24.356
57.28,-22.942
57.31,-21.473
57.34,-19.906
57.37,-18.338
57.4,-16.77
57.43,-14.789
57.46,-12.749
57.49,-10.709
57.52,-8.8536
57.55,-7.2827
57.58,-5.7118
57.61,-4.1408
57.64,-2.8579
57.67,-1.6012
57.7,-0.3445
57.73,1.0491
57.76,2.617
57.79,4.1849
57.82,5.7528
57.85,7.3235
57.88,8.8944
57.91,10.465
57.94,12.036
57.97,13.605
58,15.174
58.03,16.744
58.06,17.999
58.09,19.255
58.12,20.51
58.15,21.277
58.18,21.591
58.21,21.906
58.24,22.193
58.27,21.879
58.3,21.566
58.33,21.252
58.36,20.938
58.39,20.625
58.42,20.311
58.45,19.984
58.48,19.513
58.51,19.042
58.54,18.571
58.57,18.005
58.6,17.378
58.63,16.75
58.66,16.083
58.69,15.142
58.72,14.2
58.75,13.259
58.78,11.912
58.81,10.343
58.84,8.7736
58.87,7.2043
58.9,5.6339
58.93,4.0634
58.96,2.4929
58.99,1.0317
59.02,-0.38032
59.05,-1.7924
59.08,-3.2374
59.11,-4.8064
59.14,-6.3753
59.17,-7.9443
59.2,-9.5133
59.23,-11.082
59.26,-12.651
59.29,-14.221
59.32,-15.791
59.35,-17.362
59.38,-18.932
59.41,-20.501
59.44,-22.07
59.47,-23.639
59.5,-25.162
59.53,-26.574
59.56,-27.986
59.59,-29.398
59.62,-30.301
59.65,-31.086
59.68,-31.871
59.71,-32.391
59.74,-32.391
59.77,-32.391
59.8,-32.39
59.83,-31.853
59.86,-31.225
59.89,-30.597
59.92,-29.673
59.95,-28.26
59.98,-26.846
60.01,-25.432
60.04,-23.454
60.07,-21.414
60.1,-19.374
60.13,-17.268
60.16,-15.071
60.19,-12.874
60.22,-10.677
60.25,-8.9224
60.28,-7.1961
60.31,-5.4698
60.34,-3.8143
60.37,-2.2419
60.4,-0.66949
60.43,0.9029
60.46,2.6255
60.49,4.3502
60.52,6.0748
60.55,7.7213
60.58,9.2907
60.61,10.86
60.64,12.426
60.67,13.84
60.7,15.254
60.73,16.667
60.76,17.909
60.79,19.009
60.82,20.109
60.85,21.154
60.88,21.467
60.91,21.781
60.94,22.095
60.97,22.225
61,22.225
61.03,22.225
61.06,22.192
61.09,21.878
61.12,21.564
61.15,21.25
61.18,20.64
61.21,19.855
61.24,19.071
61.27,18.169
61.3,16.6
61.33,15.031
61.36,13.462
61.39,11.681
61.42,9.7966
61.45,7.912
61.48,5.9974
61.51,3.9576
61.54,1.9179
61.57,-0.12186
61.6,-2.0496
61.63,-3.9324
61.66,-5.8152
61.69,-7.7351
61.72,-9.7768
61.75,-11.818
61.78,-13.86
61.81,-16.019
61.84,-18.216
61.87,-20.412
61.9,-22.392
61.93,-23.804
61.96,-25.216
61.99,-26.628
62.02,-26.915
62.05,-26.915
62.08,-26.914
62.11,-26.765
62.14,-26.293
62.17,-25.822
62.2,-25.351
62.23,-24.484
62.26,-23.543
62.29,-22.601
62.32,-21.433
62.35,-19.864
62.38,-18.295
62.41,-16.725
62.44,-14.602
62.47,-12.403
62.5,-10.203
62.53,-8.1317
62.56,-6.2484
62.59,-4.3652
62.62,-2.4819
62.65,-0.88851
62.68,0.68085
62.71,2.2502
62.74,3.9587
62.77,5.8419
62.8,7.7251
62.83,9.6083
62.86,11.342
62.89,13.07
62.92,14.798
62.95,16.5
62.98,18.174
63.01,19.848
63.04,21.514
63.07,22.037
63.1,22.561
63.13,23.084
63.16,23.167
63.19,22.853
63.22,22.539
63.25,22.201
63.28,21.417
63.31,20.632
63.34,19.848
63.37,18.616
63.4,17.047
63.43,15.478
63.46,13.852
63.49,11.651
63.52,9.4505
63.55,7.2496
63.58,4.956
63.61,2.6046
63.64,0.25333
63.67,-2.0564
63.7,-4.0962
63.73,-6.1359
63.76,-8.1756
63.79,-10.113
63.82,-11.996
63.85,-13.878
63.88,-15.789
63.91,-17.833
63.94,-19.876
63.97,-21.92
64,-23.85
64.03,-25.731
64.06,-27.612
64.09,-29.085
64.12,-29.085
64.15,-29.085
64.18,-29.085
64.21,-27.927
64.24,-26.356
64.27,-24.786
64.3,-22.889
64.33,-20.064
64.36,-17.239
64.39,-14.415
64.42,-11.59
64.45,-8.7651
64.48,-5.9404
64.51,-3.2091
64.54,-0.69578
64.57,1.8175
64.6,4.3308
64.63,6.8421
64.66,9.353
64.69,11.864
64.72,14.213
64.75,16.253
64.78,18.294
64.81,20.334
64.84,21.562
64.87,22.662
64.9,23.761
64.93,24.133
64.96,23.348
64.99,22.564
65.02,21.779
65.05,19.999
65.08,18.116
65.11,16.233
65.14,13.815
65.17,10.677
65.2,7.5385
65.23,4.4004
65.26,1.1107
65.29,-2.1875
65.32,-5.4858
65.35,-8.34
65.38,-10.694
65.41,-13.047
65.44,-15.401
65.47,-17.288
65.5,-19.171
65.53,-21.054
65.56,-22.857
65.59,-24.582
65.62,-26.308
65.65,-28.006
65.68,-28.791
65.71,-29.576
65.74,-30.361
65.77,-30.104
65.8,-29.005
65.83,-27.907
65.86,-26.728
65.89,-24.531
65.92,-22.334
65.95,-20.137
65.98,-17.379
66.01,-14.238
66.04,-11.096
66.07,-7.9365
66.1,-4.641
66.13,-1.3456
66.16,1.9499
66.19,5.1455
66.22,8.2841
66.25,11.423
66.28,14.455
66.31,16.916
66.34,19.377
66.37,21.838
66.4,22.981
66.43,23.505
66.46,24.028
66.49,24.196
66.52,22.941
66.55,21.685
66.58,20.43
66.61,18.158
66.64,15.491
66.67,12.823
66.7,10.042
66.73,6.9009
66.76,3.7597
66.79,0.61853
66.82,-2.7599
66.85,-6.2119
66.88,-9.6639
66.91,-13.071
66.94,-16.367
66.97,-19.662
67,-22.957
67.03,-24.95
67.06,-26.626
67.09,-28.301
67.12,-29.164
67.15,-28.353
67.18,-27.542
67.21,-26.731
67.24,-25.079
67.27,-23.274
67.3,-21.469
67.33,-19.29
67.36,-16.466
67.39,-13.641
67.42,-10.816
67.45,-7.8473
67.48,-4.8599
67.51,-1.8725
67.54,0.91791
67.57,3.4288
67.6,5.9398
67.63,8.4507
67.66,10.667
67.69,12.862
67.72,15.057
67.75,17.112
67.78,18.997
67.81,20.882
67.84,22.767
67.87,23.276
67.9,23.747
67.93,24.218
67.96,24.457
67.99,24.457
68.02,24.458
68.05,24.447
68.08,23.662
68.11,22.877
68.14,22.091
68.17,20.885
68.2,19.316
68.23,17.747
68.26,16.152
68.29,14.112
68.32,12.072
68.35,10.033
68.38,8.0833
68.41,6.2005
68.44,4.3177
68.47,2.4651
68.5,0.89467
68.53,-0.67582
68.56,-2.2463
68.59,-3.9131
68.62,-5.639
68.65,-7.365
68.68,-9.1348
68.71,-11.175
68.74,-13.214
68.77,-15.254
68.8,-17.191
68.83,-19.076
68.86,-20.961
68.89,-22.758
68.92,-24.171
68.95,-25.583
68.98,-26.995
69.01,-27.855
69.04,-28.482
69.07,-29.11
69.1,-29.492
69.13,-29.021
69.16,-28.55
69.19,-28.079
69.22,-27.374
69.25,-26.588
69.28,-25.803
69.31,-24.892
69.34,-23.637
69.37,-22.381
69.4,-21.126
69.43,-19.747
69.46,-18.334
69.49,-16.922
69.52,-15.413
69.55,-13.685
69.58,-11.957
69.61,-10.229
69.64,-8.6324
69.67,-7.063
69.7,-5.4935
69.73,-4.0889
69.76,-2.9902
69.79,-1.8916
69.82,-0.79293
69.85,0.44324
69.88,1.6999
69.91,2.9567
69.94,4.3981
69.97,6.1244
70,7.8507
70.03,9.577
70.06,11.303
70.09,13.03
70.12,14.756
70.15,16.346
70.18,17.759
70.21,19.171
70.24,20.584
70.27,21.099
70.3,21.571
70.33,22.042
70.36,22.09
70.39,21.671
70.42,21.253
70.45,20.834
70.48,20.156
70.51,19.476
70.54,18.796
70.57,17.9
70.6,16.8
70.63,15.701
70.66,14.589
70.69,13.176
70.72,11.762
70.75,10.349
70.78,8.9369
70.81,7.5262
70.84,6.1155
70.87,4.6795
70.9,2.9536
70.93,1.2277
70.96,-0.49814
70.99,-2.1308
71.02,-3.7012
71.05,-5.2717
71.08,-6.842
71.11,-8.411
71.14,-9.98
71.17,-11.549
71.2,-13.118
71.23,-14.687
71.26,-16.256
71.29,-17.774
71.32,-19.03
71.35,-20.286
71.38,-21.543
71.41,-22.691
71.44,-23.789
71.47,-24.887
71.5,-25.953
71.53,-26.895
71.56,-27.837
71.59,-28.78
71.62,-29.034
71.65,-29.033
71.68,-29.033
71.71,-28.954
71.74,-28.64
71.77,-28.326
71.8,-28.012
71.83,-27.336
71.86,-26.551
71.89,-25.766
71.92,-24.754
71.95,-23.185
71.98,-21.615
72.01,-20.046
72.04,-17.967
72.07,-15.767
72.1,-13.568
72.13,-11.474
72.16,-9.5912
72.19,-7.7079
72.22,-5.8247
72.25,-4.3432
72.28,-2.9308
72.31,-1.5183
72.34,-0.04671
72.37,1.5242
72.4,3.0951
72.43,4.666
72.46,6.5169
72.49,8.4001
72.52,10.283
72.55,12.167
72.58,14.05
72.61,15.933
72.64,17.816
72.67,19.26
72.7,20.674
72.73,22.088
72.76,23.068
72.79,23.539
72.82,24.01
72.85,24.481
72.88,24.491
72.91,24.491
72.94,24.491
72.97,24.177
73,23.55
73.03,22.922
73.06,22.285
73.09,21.186
73.12,20.087
73.15,18.987
73.18,17.718
73.21,16.306
73.24,14.894
73.27,13.462
73.3,11.736
73.33,10.01
73.36,8.2842
73.39,6.4657
73.42,4.5811
73.45,2.6965
73.48,0.84556
73.51,-0.7234
73.54,-2.2924
73.57,-3.8613
73.6,-5.5286
73.63,-7.2546
73.66,-8.9805
73.69,-10.706
73.72,-12.432
73.75,-14.158
73.78,-15.884
73.81,-17.298
73.84,-18.555
73.87,-19.813
73.9,-21.009
73.93,-21.949
73.96,-22.89
73.99,-23.83
74.02,-24.437
74.05,-24.907
74.08,-25.378
74.11,-25.812
74.14,-26.126
74.17,-26.44
74.2,-26.754
74.23,-27.068
74.26,-27.381
74.29,-27.695
74.32,-27.837
74.35,-27.523
74.38,-27.209
74.41,-26.895
74.44,-26.331
74.47,-25.703
74.5,-25.075
74.53,-24.298
74.56,-23.199
74.59,-22.1
74.62,-21.002
74.65,-19.508
74.68,-17.937
74.71,-16.366
74.74,-14.683
74.77,-12.8
74.8,-10.916
74.83,-9.0332
74.86,-7.288
74.89,-5.5617
74.92,-3.8354
74.95,-1.9836
74.98,0.056549
75.01,2.0967
75.04,4.1368
75.07,6.3213
75.1,8.5184
75.13,10.715
75.16,12.568
75.19,13.982
75.22,15.396
75.25,16.809
75.28,17.92
75.31,19.018
75.34,20.117
75.37,21.064
75.4,21.849
75.43,22.634
75.46,23.415
75.49,23.101
75.52,22.788
75.55,22.474
75.58,22.16
75.61,21.846
75.64,21.532
75.67,21.182
75.7,20.084
75.73,18.985
75.76,17.887
75.79,16.433
75.82,14.707
75.85,12.981
75.88,11.241
75.91,9.3568
75.94,7.4721
75.97,5.5875
76,3.704
76.03,1.8212
76.06,-0.061601
76.09,-1.8832
76.12,-3.2953
76.15,-4.7073
76.18,-6.1194
76.21,-7.6344
76.24,-9.2049
76.27,-10.775
76.3,-12.291
76.33,-13.546
76.36,-14.801
76.39,-16.056
76.42,-17.312
76.45,-18.567
76.48,-19.822
76.51,-21.144
76.54,-22.713
76.57,-24.282
76.6,-25.851
76.63,-26.999
76.66,-27.993
76.69,-28.988
76.72,-29.754
76.75,-29.858
76.78,-29.962
76.81,-30.067
76.84,-29.724
76.87,-29.253
76.9,-28.783
76.93,-28.218
76.96,-27.433
76.99,-26.647
77.02,-25.862
77.05,-24.691
77.08,-23.435
77.11,-22.18
77.14,-20.711
77.17,-18.828
77.2,-16.944
77.23,-15.061
77.26,-13.178
77.29,-11.295
77.32,-9.4116
77.35,-7.7067
77.38,-6.2929
77.41,-4.8791
77.44,-3.4652
77.47,-2.0527
77.5,-0.64021
77.53,0.77225
77.56,2.3176
77.59,4.0439
77.62,5.7702
77.65,7.4965
77.68,9.2244
77.71,10.952
77.74,12.68
77.77,14.261
77.8,15.673
77.83,17.086
77.86,18.498
77.89,19.757
77.92,21.014
77.95,22.271
77.98,23.287
78.01,24.072
78.04,24.857
78.07,25.608
78.1,25.295
78.13,24.981
78.16,24.668
78.19,24.268
78.22,23.797
78.25,23.327
78.28,22.834
78.31,22.049
78.34,21.264
78.37,20.478
78.4,19.414
78.43,18.159
78.46,16.904
78.49,15.631
78.52,14.219
78.55,12.807
78.58,11.395
78.61,9.9829
78.64,8.5708
78.67,7.1588
78.7,5.6983
78.73,3.9708
78.76,2.2432
78.79,0.51564
78.82,-0.99839
78.85,-2.4104
78.88,-3.8224
78.91,-5.2653
78.94,-6.8343
78.97,-8.4033
79,-9.9724
79.03,-11.766
79.06,-13.649
79.09,-15.532
79.12,-17.192
79.15,-18.134
79.18,-19.076
79.21,-20.019