1.0437, 19.6317
1.1481, 18.5403
1.2524, 17.4487
1.2524, 16.3567
1.2524, 15.2645
1.3568, 14.1731
1.3568, 13.0809
1.3568, 11.9888
1.3568, 10.8965
1.3568, 9.8045
1.4612, 8.713
1.4612, 7.6209
1.4612, 6.5287
1.4612, 5.4365
1.5655, 4.3452
1.5655, 3.253
1.5655, 2.1609
1.6699, 1.0694
1.6699, -0.0227
1.6699, -1.1149
1.7743, -2.2063
1.7743, -3.2985
1.8787, -4.3899
1.8787, -5.4821
1.983, -6.5735
1.983, -7.6656
1.983, -8.7578
2.0874, -9.8492
2.0874, -10.9414
2.0874, -12.0335
2.1918, -13.125
2.1918, -14.2171
2.1918, -15.3093
2.2962, -16.4007
2.2962, -17.4929
2.2962, -18.585
2.4005, -19.6764
2.4005, -20.7686
2.5049, -21.8599
2.5049, -22.9522
2.6093, -24.0436
2.7136, -24.0429
2.818, -24.0422
2.9224, -24.0415
3.0267, -22.9485
2.9224, -22.9493
3.0267, -21.8565
3.0267, -20.7643
3.1311, -19.6715
3.1311, -18.5793
3.1311, -17.4872
3.2355, -16.3942
3.2355, -15.3021
3.2355, -14.21
3.3399, -13.1171
3.3399, -12.025
3.3399, -10.9327
3.4442, -9.8399
3.4442, -8.7478
3.4442, -7.6557
3.4442, -6.5635
3.5486, -5.4707
3.5486, -4.3785
3.653, -3.2856
3.653, -2.1935
3.653, -1.1013
3.7572, -8.4823e-3
3.7572, 1.0836
3.7572, 2.1758
3.8617, 3.2687
3.8617, 4.3608
3.9661, 5.4537
3.9661, 6.5457
4.0705, 7.6387
4.0705, 8.7309
4.0705, 9.823
4.1748, 10.9159
4.1748, 12.008
4.1748, 13.1002
4.2792, 14.193
4.2792, 15.2852
4.3836, 16.378
4.3836, 17.4702
4.4879, 18.5631
4.4879, 19.6552
4.5923, 20.7481
4.6966, 20.7488
4.801, 20.7495
4.9054, 21.8424
5.0098, 20.7509
5.1142, 20.7516
5.2185, 19.6602
5.2185, 18.568
5.3229, 17.4766
5.3229, 16.3845
5.3229, 15.2923
5.4273, 14.2009
5.4273, 13.1087
5.5316, 12.0173
5.5316, 10.9251
5.5316, 9.833
5.5316, 8.7408
5.636, 7.6494
5.636, 6.5572
5.636, 5.4651
5.7404, 4.3737
5.7404, 3.2814
5.7404, 2.1894
5.8447, 1.0979
5.8447, 5.7662e-3
5.8447, -1.0864
5.9491, -2.1778
5.9491, -3.27
5.9491, -4.362
6.0535, -5.4536
6.0535, -6.5457
6.1579, -7.6371
6.2622, -8.7286
6.2622, -9.8207
6.2622, -10.9129
6.2622, -12.005
6.3666, -13.0965
6.3666, -14.1886
6.3666, -15.2808
6.471, -16.3721
6.471, -17.4644
6.471, -18.5565
6.5753, -19.6479
6.5753, -20.7401
6.6797, -21.8315
6.6797, -22.9237
6.7841, -24.0151
6.8885, -24.0144
6.9928, -24.0137
7.0972, -24.013
7.2016, -24.0123
7.2016, -22.9201
7.3059, -21.8273
7.3059, -20.7351
7.3059, -19.643
7.4102, -18.5501
7.4102, -17.458
7.5147, -16.3651
7.5147, -15.2729
7.5147, -14.1808
7.619, -13.0879
7.619, -11.9958
7.619, -10.9036
7.619, -9.8115
7.7234, -8.7186
7.7234, -7.6265
7.7234, -6.5343
7.8277, -5.4414
7.8277, -4.3493
7.9322, -3.2564
7.9322, -2.1643
8.0365, -1.0714
8.0365, 0.0207
8.0365, 1.1129
8.1409, 2.2057
8.1409, 3.2979
8.1409, 4.39
8.2453, 5.4828
8.2453, 6.5751
8.3496, 7.6679
8.3496, 8.7601
8.454, 9.8529
8.454, 10.9451
8.454, 12.0372
8.5584, 13.1301
8.5584, 14.2222
8.6627, 15.3151
8.6627, 16.4073
8.7671, 16.408
8.8715, 16.4087
8.9759, 15.3172
9.0802, 14.2258
9.1846, 13.1344
9.1846, 12.0422
9.1846, 10.9501
9.1846, 9.8578
9.289, 8.7665
9.289, 7.6743
9.289, 6.5822
9.3933, 5.4907
9.3933, 4.3986
9.3933, 3.3064
9.3933, 2.2143
9.4977, 1.1229
9.4977, 0.0307
9.4977, -1.0614
9.6021, -2.1529
9.6021, -3.245
9.6021, -4.3372
9.7065, -5.4285
9.7065, -6.5208
9.8108, -7.6122
9.8108, -8.7044
9.8108, -9.7965
9.8108, -10.8887
9.9152, -11.9801
9.9152, -13.0723
9.9152, -14.1644
10.0196, -15.2558
10.0196, -16.3479
10.0196, -17.4401
10.1239, -18.5316
10.1239, -19.6237
10.1239, -20.7159
10.2283, -21.8073
10.2283, -22.8995
10.2283, -23.9916
10.3327, -25.0831
10.3327, -26.1752
10.4371, -27.2666
10.4371, -28.3588
10.5413, -28.358
10.6458, -28.3574
10.7502, -27.2645
10.6458, -27.2652
10.7502, -26.1724
10.8545, -25.0795
10.8545, -23.9872
10.8545, -22.8952
10.8545, -21.803
10.9588, -20.7102
10.9588, -19.6179
10.9588, -18.5259
10.9588, -17.4337
10.9588, -16.3416
11.0633, -15.2487
11.0633, -14.1566
11.0633, -13.0644
11.0633, -11.9723
11.0633, -10.8801
11.0633, -9.788
11.1676, -8.6951
11.1676, -7.603
11.1676, -6.5108
11.1676, -5.4187
11.272, -4.3258
11.272, -3.2336
11.272, -2.1415
11.272, -1.0493
11.3764, 0.0435
11.3764, 1.1357
11.3764, 2.2278
11.3764, 3.32
11.3764, 4.4121
11.4808, 5.505
11.4808, 6.5971
11.4808, 7.6893
11.4808, 8.7814
11.4808, 9.8736
11.5851, 10.9665
11.5851, 12.0586
11.5851, 13.1508
11.6895, 14.2436
11.6895, 15.3357
11.7939, 15.3365
11.8982, 15.3372
12.0026, 14.2458
11.8982, 14.245
12.0026, 13.1536
12.0026, 12.0615
12.0026, 10.9693
12.107, 9.8779
12.107, 8.7856
12.107, 7.6936
12.107, 6.6014
12.107, 5.5093
12.107, 4.4171
12.2114, 3.3256
12.2114, 2.2335
12.2114, 1.1414
12.2114, 0.0492
12.2114, -1.0429
12.3157, -2.1344
12.3157, -3.2265
12.3157, -4.3187
12.3157, -5.4108
12.4201, -6.5023
12.4201, -7.5944
12.4201, -8.6865
12.4201, -9.7787
12.4201, -10.8709
12.4201, -11.963
12.5245, -13.0544
12.5245, -14.1466
12.5245, -15.2387
12.5245, -16.3309
12.5245, -17.423
12.6288, -18.5145
12.6288, -19.6066
12.6288, -20.6987
12.6288, -21.7909
12.7332, -22.8824
12.7332, -23.9745
12.8376, -25.066
12.8376, -26.1581
12.9419, -26.1574
13.0463, -26.1567
13.0463, -25.0645
13.0463, -23.9724
13.1507, -22.8795
13.1507, -21.7873
13.1507, -20.6952
13.1507, -19.6031
13.1507, -18.5109
13.1507, -17.4188
13.2551, -16.3259
13.2551, -15.2338
13.2551, -14.1416
13.2551, -13.0495
13.2551, -11.9573
13.2551, -10.8652
13.2551, -9.773
13.3594, -8.6801
13.3594, -7.588
13.3594, -6.4958
13.3594, -5.4037
13.3594, -4.3115
13.4638, -3.2187
13.4638, -2.1265
13.4638, -1.0344
13.4638, 0.0578
13.5682, 1.1506
13.5682, 2.2428
13.5682, 3.3349
13.5682, 4.4271
13.5682, 5.5192
13.5682, 6.6114
13.6724, 7.7042
13.6724, 8.7964
13.6724, 9.8885
13.6724, 10.9807
13.6724, 12.0729
13.7769, 13.1657
13.7769, 14.2579
13.7769, 15.35
13.8813, 16.4429
13.9856, 15.3514
13.8813, 15.3507
13.9856, 14.2593
14.09, 13.1678
14.09, 12.0757
14.09, 10.9835
14.09, 9.8914
14.09, 8.7992
14.09, 7.7071
14.1944, 6.6157
14.1944, 5.5234
14.1944, 4.4314
14.1944, 3.3392
14.1944, 2.2471
14.2988, 1.1556
14.2988, 0.0635
14.2988, -1.0287
14.2988, -2.1208
14.2988, -3.213
14.2988, -4.3051
14.2988, -5.3973
14.4031, -6.4887
14.4031, -7.5809
14.4031, -8.673
14.4031, -9.7652
14.4031, -10.8573
14.5074, -11.9487
14.5074, -13.0409
14.5074, -14.1331
14.5074, -15.2252
14.5074, -16.3174
14.5074, -17.4095
14.5074, -18.5017
14.6118, -19.5931
14.6118, -20.6852
14.6118, -21.7774
14.6118, -22.8695
14.6118, -23.9617
14.7162, -25.0531
14.8206, -25.0524
14.925, -25.0517
14.925, -23.9596
14.925, -22.8674
15.0294, -21.7745
15.0294, -20.6824
15.0294, -19.5901
15.0294, -18.4981
15.0294, -17.4059
15.0294, -16.3138
15.1337, -15.2209
15.1337, -14.1288
15.1337, -13.0366
15.1337, -11.9445
15.1337, -10.8523
15.1337, -9.7602
15.1337, -8.668
15.1337, -7.5758
15.2381, -6.483
15.2381, -5.3909
15.2381, -4.2987
15.2381, -3.2066
15.3425, -2.1137
15.3425, -1.0216
15.3425, 0.0706
15.3425, 1.1627
15.3425, 2.2549
15.3425, 3.347
15.3425, 4.4392
15.4468, 5.5321
15.4468, 6.6242
15.4468, 7.7164
15.4468, 8.8085
15.4468, 9.9007
15.4468, 10.9928
15.5512, 12.0857
15.5512, 13.1778
15.5512, 14.27
15.5512, 15.362
15.5512, 16.4543
15.5512, 17.5464
15.6556, 17.5471
15.7599, 18.64
15.7599, 17.5478
15.8643, 16.4564
15.8643, 15.3643
15.8643, 14.2721
15.8643, 13.18
15.8643, 12.0878
15.9687, 10.9964
15.9687, 9.9042
15.9687, 8.8121
15.9687, 7.7199
15.9687, 6.6278
15.9687, 5.5356
15.9687, 4.4435
15.9687, 3.3513
16.0731, 2.2599
16.0731, 1.1677
16.0731, 0.0756
16.0731, -1.0166
16.0731, -2.1087
16.0731, -3.2009
16.1774, -4.2923
16.1774, -5.3845
16.1774, -6.4766
16.1774, -7.5688
16.1774, -8.6609
16.1774, -9.753
16.2818, -10.8445
16.2818, -11.9365
16.2818, -13.0288
16.2818, -14.1209
16.2818, -15.2131
16.2818, -16.3052
16.2818, -17.3974
16.2818, -18.4895
16.3862, -19.581
16.3862, -20.6731
16.3862, -21.7652
16.3862, -22.8574
16.3862, -23.9496
16.4905, -25.041
16.4905, -26.1332
16.5949, -26.1325
16.5949, -25.0403
16.5949, -23.9482
16.5949, -22.8559
16.6993, -21.7631
16.6993, -20.671
16.6993, -19.5788
16.6993, -18.4867
16.6993, -17.3945
16.6993, -16.3024
16.6993, -15.2102
16.8037, -14.1174
16.8037, -13.0252
16.8037, -11.9331
16.8037, -10.8409
16.8037, -9.7488
16.8037, -8.6566
16.8037, -7.5645
16.8037, -6.4723
16.8037, -5.3801
16.908, -4.2873
16.908, -3.1952
16.908, -2.103
16.908, -1.0109
16.908, 0.0813
16.908, 1.1734
16.908, 2.2656
17.0124, 3.3584
17.0124, 4.4506
17.0124, 5.5427
17.0124, 6.6349
17.0124, 7.7269
17.0124, 8.8192
17.0124, 9.9113
17.0124, 11.0035
17.1168, 12.0964
17.1168, 13.1885
17.1168, 14.2807
17.2211, 15.3735
17.2211, 16.4657
17.2211, 17.5577
17.2211, 18.65
17.3255, 18.6507
17.4299, 17.5592
17.3255, 17.5585
17.4299, 16.4671
17.4299, 15.3749
17.4299, 14.2828
17.4299, 13.1905
17.4299, 12.0985
17.4299, 11.0063
17.4299, 9.9142
17.5342, 8.8228
17.5342, 7.7306
17.5342, 6.6385
17.5342, 5.5463
17.5342, 4.4542
17.5342, 3.362
17.5342, 2.2699
17.5342, 1.1777
17.5342, 0.0856
17.5342, -1.0066
17.6385, -2.098
17.6385, -3.1902
17.6385, -4.2823
17.6385, -5.3745
17.6385, -6.4666
17.6385, -7.5588
17.6385, -8.6509
17.6385, -9.7431
17.6385, -10.8352
17.7429, -11.9266
17.7429, -13.0188
17.7429, -14.111
17.7429, -15.2031
17.7429, -16.2953
17.7429, -17.3874
17.7429, -18.4796
17.7429, -19.5716
17.8474, -20.6632
17.8474, -21.7553
17.8474, -22.8475
17.9517, -22.8467
17.9517, -21.7546
17.9517, -20.6623
17.9517, -19.5703
17.9517, -18.4781
18.0561, -17.3853
18.0561, -16.2931
18.0561, -15.201
18.0561, -14.1088
18.0561, -13.0167
18.0561, -11.9245
18.0561, -10.8324
18.0561, -9.7402
18.0561, -8.6481
18.0561, -7.5558
18.0561, -6.4638
18.0561, -5.3716
18.1605, -4.2788
18.1605, -3.1865
18.1605, -2.0945
18.1605, -1.0023
18.1605, 0.0898
18.1605, 1.182
18.1605, 2.2741
18.1605, 3.3663
18.1605, 4.4584
18.1605, 5.5506
18.2648, 6.6434
18.2648, 7.7356
18.2648, 8.8277
18.2648, 9.9199
18.2648, 11.012
18.2648, 12.1042
18.2648, 13.1963
18.2648, 14.2885
18.2648, 15.3806
18.2648, 16.4727
18.3692, 17.5657
18.3692, 18.6578
18.3692, 19.75
18.4736, 19.7507
18.4736, 18.6585
18.4736, 17.5664
18.4736, 16.4742
18.5779, 15.3828
18.5779, 14.2906
18.5779, 13.1985
18.5779, 12.1063
18.5779, 11.0142
18.5779, 9.922
18.5779, 8.8298
18.5779, 7.7377
18.5779, 6.6456
18.6823, 5.5541
18.6823, 4.462
18.6823, 3.3698
18.6823, 2.2777
18.6823, 1.1855
18.6823, 0.0934
18.6823, -0.9988
18.6823, -2.0909
18.6823, -3.1831
18.6823, -4.2752
18.6823, -5.3674
18.7867, -6.4588
18.7867, -7.5509
18.7867, -8.6431
18.7867, -9.7351
18.7867, -10.8274
18.7867, -11.9195
18.7867, -13.0117
18.7867, -14.1038
18.7867, -15.196
18.7867, -16.2881
18.7867, -17.3803
18.8911, -18.4717
18.8911, -19.5638
18.8911, -20.656
18.8911, -21.7482
18.8911, -22.8403
18.8911, -23.9325
18.9954, -25.0239
18.9954, -23.9318
18.9954, -22.8396
19.0998, -21.7468
19.0998, -20.6545
19.0998, -19.5625
19.2042, -18.4696
19.2042, -17.3774
19.2042, -16.2852
19.2042, -15.1931
19.2042, -14.101
19.2042, -13.0088
19.2042, -11.9167
19.2042, -10.8245
19.2042, -9.7324
19.2042, -8.6402
19.2042, -7.5481
19.2042, -6.4559
19.2042, -5.3638
19.3085, -4.2709
19.3085, -3.1788
19.3085, -2.0866
19.3085, -0.9945
19.3085, 0.0977
19.3085, 1.1898
19.4129, 2.2827
19.4129, 3.3748
19.4129, 4.467
19.4129, 5.5591
19.4129, 6.6513
19.4129, 7.7433
19.4129, 8.8356
19.4129, 9.9277
19.4129, 11.0199
19.4129, 12.112
19.5173, 13.2049
19.5173, 14.297
19.5173, 15.3892
19.5173, 16.4813
19.5173, 17.5735
19.6217, 18.6663
19.6217, 19.7585
19.726, 19.7591
19.8304, 18.6678
19.8304, 17.5756
19.8304, 16.4835
19.8304, 15.3913
19.8304, 14.2992
19.9348, 13.2077
19.9348, 12.1156
19.9348, 11.0234
19.9348, 9.9313
19.9348, 8.8391
19.9348, 7.7469
19.9348, 6.6548
20.0391, 5.5634
20.0391, 4.4713
20.0391, 3.3791
20.0391, 2.287
20.0391, 1.1948
20.0391, 0.1027
20.0391, -0.9895
20.1435, -2.0809
20.1435, -3.1731
20.1435, -4.2652
20.1435, -5.3574
20.1435, -6.4495
20.2479, -7.541
20.2479, -8.6331
20.2479, -9.7252
20.2479, -10.8174
20.2479, -11.9096
20.2479, -13.0017
20.3523, -14.0932
20.3523, -15.1853
20.3523, -16.2775
20.3523, -17.3696
20.3523, -18.4618
20.3523, -19.5539
20.4566, -20.6453
20.4566, -21.7375
20.4566, -22.8296
20.4566, -23.9218
20.561, -25.0132
20.561, -26.1054
20.561, -27.1975
20.6654, -28.289
20.7697, -28.2883
20.874, -28.2875
20.874, -27.1954
20.874, -26.1032
20.9785, -25.0104
20.9785, -23.9182
20.9785, -22.826
20.9785, -21.7339
21.0828, -20.6411
21.0828, -19.5489
21.0828, -18.4567
21.0828, -17.3646
21.0828, -16.2725
21.1872, -15.1796
21.1872, -14.0875
21.1872, -12.9952
21.1872, -11.9032
21.1872, -10.811
21.1872, -9.7189
21.2916, -8.626
21.2916, -7.5338
21.2916, -6.4417
21.2916, -5.3495
21.2916, -4.2574
21.396, -3.1645
21.396, -2.0724
21.396, -0.9802
21.396, 0.1118
21.396, 1.2041
21.5003, 2.2969
21.5003, 3.3891
21.5003, 4.4812
21.5003, 5.5734
21.6047, 6.6662
21.6047, 7.7584
21.6047, 8.8505
21.6047, 9.9426
21.6047, 11.0348
21.6047, 12.127
21.709, 13.2199
21.709, 14.312
21.709, 15.4042
21.709, 16.4963
21.8134, 17.5892
21.8134, 18.6813
21.8134, 19.7734
21.8134, 20.8656
21.9178, 21.9585
22.0222, 21.9592
22.1265, 21.9599
22.1265, 20.8678
22.2309, 19.7763
22.1265, 19.7755
22.2309, 18.6842
22.2309, 17.592
22.2309, 16.4999
22.2309, 15.4077
22.3353, 14.3163
22.3353, 13.2241
22.3353, 12.132
22.3353, 11.0398
22.3353, 9.9477
22.3353, 8.8555
22.4397, 7.7641
22.4397, 6.6719
22.4397, 5.5798
22.4397, 4.4876
22.4397, 3.3955
22.544, 2.3041
22.544, 1.2119
22.544, 0.1198
22.544, -0.9724
22.544, -2.0645
22.6484, -3.156
22.6484, -4.2481
22.6484, -5.3403
22.6484, -6.4324
22.6484, -7.5246
22.7528, -8.616
22.7528, -9.7082
22.7528, -10.8003
22.7528, -11.8925
22.7528, -12.9846
22.7528, -14.0768
22.8571, -15.1682
22.8571, -16.2604
22.8571, -17.3525
22.8571, -18.4447
22.8571, -19.5368
22.8571, -20.629
22.9615, -21.7204
22.9615, -22.8125
22.9615, -23.9047
22.9615, -24.9968
22.9615, -26.089
23.0659, -27.1804
23.0659, -28.2726
23.0659, -29.3647
23.0659, -30.4569
23.1703, -31.5483
23.1703, -32.6404
23.2746, -32.6398
23.379, -31.5469
23.2746, -31.5476
23.379, -30.4548
23.4834, -29.3618
23.379, -29.3626
23.4834, -28.2697
23.5877, -27.1769
23.5877, -26.0847
23.5877, -24.9926
23.5877, -23.9003
23.6921, -22.8075
23.6921, -21.7154
23.6921, -20.6233
23.6921, -19.5311
23.6921, -18.439
23.7965, -17.3461
23.7965, -16.2539
23.7965, -15.1618
23.7965, -14.0695
23.7965, -12.9775
23.7965, -11.8853
23.9008, -10.7925
23.9008, -9.7003
23.9008, -8.6082
23.9008, -7.516
23.9008, -6.4239
24.0052, -5.331
24.0052, -4.2389
24.0052, -3.1467
24.0052, -2.0546
24.1096, -0.9617
24.1096, 0.1304
24.1096, 1.2226
24.1096, 2.3147
24.1096, 3.4069
24.1096, 4.499
24.1096, 5.5912
24.214, 6.6841
24.214, 7.7762
24.214, 8.8683
24.214, 9.9605
24.214, 11.0527
24.214, 12.1448
24.3183, 13.2377
24.3183, 14.3298
24.3183, 15.422
24.3183, 16.5141
24.3183, 17.6063
24.4227, 18.6991
24.4227, 19.7913
24.4227, 20.8834
24.4227, 21.9756
24.5271, 23.0684
24.5271, 24.1606
24.6314, 24.1613
24.7358, 24.162
24.7358, 23.0699
24.8401, 21.9784
24.7358, 21.9777
24.8401, 20.8862
24.8401, 19.7941
24.8401, 18.702
24.9445, 17.6105
24.9445, 16.5184
24.9445, 15.4262
24.9445, 14.3341
25.0489, 13.2427
25.0489, 12.1505
25.0489, 11.0584
25.0489, 9.9662
25.0489, 8.874
25.1533, 7.7826
25.1533, 6.6905
25.1533, 5.5983
25.1533, 4.5062
25.1533, 3.414
25.2577, 2.3226
25.2577, 1.2304
25.2577, 0.1383
25.2577, -0.9539
25.2577, -2.046
25.362, -3.1375
25.362, -4.2296
25.362, -5.3218
25.362, -6.4139
25.362, -7.5061
25.4664, -8.5975
25.4664, -9.6896
25.4664, -10.7818
25.4664, -11.8739
25.4664, -12.9661
25.4664, -14.0582
25.5708, -15.1497
25.5708, -16.2418
25.5708, -17.334
25.5708, -18.4261
25.5708, -19.5183
25.6751, -20.6097
25.6751, -21.7019
25.6751, -22.794
25.6751, -23.8862
25.7795, -24.9776
25.7795, -26.0698
25.7795, -27.1619
25.8839, -28.2534
25.8839, -29.3455
25.9883, -30.4369
25.9883, -31.5291
26.0926, -32.6205
26.197, -32.6198
26.3014, -31.527
26.197, -31.5276
26.0926, -31.5284
26.197, -31.5276
26.3014, -30.4348
26.4057, -29.3418
26.4057, -28.2498
26.4057, -27.1576
26.5101, -26.0648
26.5101, -24.9726
26.5101, -23.8805
26.5101, -22.7883
26.5101, -21.6962
26.6145, -20.6033
26.6145, -19.5112
26.6145, -18.419
26.6145, -17.3269
26.6145, -16.2347
26.7189, -15.1419
26.7189, -14.0497
26.7189, -12.9576
26.7189, -11.8654
26.8232, -10.7725
26.8232, -9.6804
26.8232, -8.5882
26.8232, -7.4961
26.9276, -6.4032
26.9276, -5.3111
26.9276, -4.2189
26.9276, -3.1268
27.032, -2.0339
27.032, -0.9418
27.032, 0.1504
27.032, 1.2425
27.032, 2.3347
27.1363, 3.4276
27.1363, 4.5197
27.1363, 5.6118
27.1363, 6.704
27.1363, 7.7962
27.2407, 8.889
27.2407, 9.9811
27.2407, 11.0733
27.2407, 12.1655
27.2407, 13.2576
27.3451, 14.3505
27.3451, 15.4426
27.3451, 16.5348
27.3451, 17.6269
27.4494, 18.7198
27.4494, 19.8119
27.4494, 20.9041
27.4494, 21.9962
27.5537, 23.0891
27.5537, 24.1813
27.5537, 25.2734
27.6582, 26.3663
27.7626, 26.367
27.8669, 25.2755
27.7626, 25.2748
27.6582, 25.2741
27.7626, 25.2748
27.8669, 24.1834
27.8669, 23.0912
27.9713, 21.9998
27.9713, 20.9077
27.9713, 19.8155
28.0757, 18.7241
28.0757, 17.6319
28.0757, 16.5398
28.0757, 15.4476
28.0757, 14.3555
28.18, 13.264
28.18, 12.1719
28.18, 11.0796
28.18, 9.9876
28.18, 8.8954
28.18, 7.8033
28.2844, 6.7118
28.2844, 5.6197
28.2844, 4.5274
28.2844, 3.4354
28.3888, 2.3439
28.3888, 1.2518
28.3888, 0.1597
28.3888, -0.9325
28.3888, -2.0246
28.3888, -3.1168
28.4932, -4.2082
28.4932, -5.3004
28.4932, -6.3925
28.4932, -7.4847
28.5975, -8.576
28.5975, -9.6683
28.5975, -10.7604
28.5975, -11.8526
28.5975, -12.9447
28.5975, -14.0369
28.5975, -15.129
28.7019, -16.2205
28.7019, -17.3126
28.7019, -18.4048
28.7019, -19.4969
28.7019, -20.5891
28.8063, -21.6804
28.8063, -22.7727
28.8063, -23.8648
28.8063, -24.9569
28.8063, -26.0491
28.9106, -27.1405
28.9106, -28.2327
28.9106, -29.3248
29.015, -29.3241
29.1194, -29.3234
29.1194, -28.2313
29.2237, -27.1384
29.2237, -26.0463
29.2237, -24.9541
29.2237, -23.862
29.2237, -22.7698
29.3281, -21.6768
29.3281, -20.5848
29.3281, -19.4926
29.3281, -18.4005
29.3281, -17.3083
29.3281, -16.2162
29.3281, -15.124
29.4325, -14.0312
29.4325, -12.939
29.4325, -11.8469
29.4325, -10.7547
29.4325, -9.6625
29.4325, -8.5704
29.4325, -7.4783
29.4325, -6.386
29.5369, -5.2933
29.5369, -4.2011
29.5369, -3.109
29.5369, -2.0168
29.6412, -0.924
29.6412, 0.1682
29.6412, 1.2603
29.6412, 2.3525
29.6412, 3.4447
29.6412, 4.5368
29.7456, 5.6297
29.7456, 6.7218
29.7456, 7.814
29.7456, 8.9061
29.7456, 9.9983
29.7456, 11.0904
29.85, 12.1833
29.85, 13.2753
29.85, 14.3676
29.85, 15.4597
29.85, 16.5518
29.9543, 17.6447
29.9543, 18.7368
29.9543, 19.829
29.9543, 20.9212
29.9543, 22.0133
30.0587, 23.1062
30.0587, 24.1984
30.0587, 25.2905
30.0587, 26.3827
30.1631, 26.3834
30.2674, 26.3841
30.3718, 25.2926
30.2674, 25.2919
30.1631, 25.2912
30.2674, 25.2919
30.3718, 24.2005
30.3718, 23.1083
30.4762, 22.0169
30.4762, 20.9247
30.4762, 19.8326
30.4762, 18.7405
30.4762, 17.6482
30.5806, 16.5569
30.5806, 15.4647
30.5806, 14.3726
30.5806, 13.2804
30.5806, 12.1883
30.6848, 11.0968
30.6848, 10.0047
30.6848, 8.9125
30.6848, 7.8204
30.6848, 6.7282
30.7893, 5.6368
30.7893, 4.5446
30.7893, 3.4525
30.7893, 2.3603
30.7893, 1.2682
30.7893, 0.176
30.8937, -0.9154
30.8937, -2.0076
30.8937, -3.0997
30.8937, -4.1919
30.8937, -5.284
30.998, -6.3754
30.998, -7.4676
30.998, -8.5596
30.998, -9.6519
31.1024, -10.7433
31.1024, -11.8355
31.1024, -12.9276
31.1024, -14.0198
31.1024, -15.1118
31.1024, -16.2041
31.2068, -17.2955
31.2068, -18.3877
31.2068, -19.4798
31.2068, -20.572
31.2068, -21.6641
31.3112, -22.7556
31.3112, -23.8477
31.3112, -24.9399
31.4155, -26.0313
31.4155, -27.1234
31.4155, -28.2156
31.5199, -29.307
31.5199, -30.3992
31.6242, -31.4906
31.6242, -32.5828
31.6242, -33.6749
31.7286, -34.7664
31.833, -34.7656
31.9374, -33.6728
31.833, -33.6735
31.7286, -33.6742
31.833, -33.6735
31.9374, -32.5806
31.9374, -31.4885
32.0417, -30.3956
32.0417, -29.3035
32.0417, -28.2113
32.0417, -27.1192
32.1461, -26.0263
32.1461, -24.9342
32.1461, -23.842
32.1461, -22.7499
32.1461, -21.6577
32.2505, -20.5648
32.2505, -19.4727
32.2505, -18.3805
32.3549, -17.2877
32.3549, -16.1955
32.3549, -15.1034
32.3549, -14.0112
32.3549, -12.9191
32.4592, -11.8262
32.4592, -10.7341
32.4592, -9.6419
32.5636, -8.5491
32.5636, -7.4569
32.5636, -6.3648
32.5636, -5.2726
32.668, -4.1797
32.668, -3.0876
32.668, -1.9954
32.7723, -0.9026
32.7723, 0.1896
32.7723, 1.2817
32.7723, 2.3739
32.8767, 3.4667
32.8767, 4.5589
32.8767, 5.651
32.8767, 6.7431
32.9811, 7.8359
32.9811, 8.9282
32.9811, 10.0203
33.0855, 11.1132
33.0855, 12.2054
33.0855, 13.2974
33.1898, 14.3904
33.1898, 15.4825
33.1898, 16.5747
33.2942, 17.6675
33.2942, 18.7597
33.2942, 19.8518
33.2942, 20.944
33.3986, 22.0369
33.3986, 23.129
33.3986, 24.2212
33.5029, 24.2219
33.6073, 24.2226
33.7117, 23.1311
33.6073, 23.1304
33.7117, 22.039
33.7117, 20.9468
33.8159, 19.8554
33.8159, 18.7631
33.8159, 17.6711
33.8159, 16.5789
33.8159, 15.4868
33.9203, 14.3954
33.9203, 13.3032
33.9203, 12.2111
33.9203, 11.1189
34.0248, 10.0275
34.0248, 8.9353
34.0248, 7.8432
34.0248, 6.751
34.1292, 5.6596
34.1292, 4.5674
34.1292, 3.4753
34.1292, 2.3831
34.1292, 1.291
34.2335, 0.1995
34.2335, -0.8925
34.2335, -1.9848
34.3378, -3.0762
34.3378, -4.1683
34.3378, -5.2605
34.4423, -6.3519
34.4423, -7.4441
34.4423, -8.5362
34.4423, -9.6284
34.5466, -10.7198
34.5466, -11.812
34.5466, -12.9041
34.5466, -13.9963
34.651, -15.0877
34.651, -16.1799
34.651, -17.272
34.7553, -18.3634
34.7553, -19.4556
34.7553, -20.5476
34.7553, -21.6399
34.8598, -22.7313
34.8598, -23.8235
34.8598, -24.9156
34.8598, -26.0078
34.9641, -27.0992
34.9641, -28.1914
34.9641, -29.2835
35.0685, -30.375
35.0685, -31.4671
35.0685, -32.5593
35.1729, -33.6507
35.2772, -33.65
35.3816, -33.6493
35.3816, -32.5571
35.486, -31.4643
35.486, -30.3721
35.486, -29.28
35.5903, -28.1871
35.5903, -27.0949
35.5903, -26.0028
35.6947, -24.9099
35.6947, -23.8178
35.6947, -22.7256
35.7991, -21.6328
35.7991, -20.5406
35.7991, -19.4485
35.7991, -18.3563
35.9035, -17.2635
35.9035, -16.1713
35.9035, -15.0792
35.9035, -13.987
35.9035, -12.8949
36.0078, -11.802
36.0078, -10.7098
36.0078, -9.6177
36.0078, -8.5255
36.1122, -7.4327
36.1122, -6.3405
36.1122, -5.2484
36.2166, -4.1555
36.2166, -3.0634
36.3209, -1.9705
36.3209, -0.8784
36.3209, 0.2138
36.4253, 1.3067
36.4253, 2.3988
36.4253, 3.491
36.5297, 4.5838
36.5297, 5.676
36.5297, 6.7681
36.6341, 7.861
36.6341, 8.9531
36.6341, 10.0453
36.6341, 11.1374
36.7384, 12.2303
36.7384, 13.3224
36.8428, 14.4153
36.8428, 15.5074
36.9472, 16.6002
36.9472, 17.6925
36.9472, 18.7846
37.0515, 19.8775
37.0515, 20.9696
37.0515, 22.0618
37.1559, 23.1546
37.1559, 24.2468
37.1559, 25.3389
37.2603, 25.3397
37.3646, 25.3404
37.3646, 24.2482
37.2603, 24.2475
37.3646, 23.1561
37.4689, 22.0646
37.4689, 20.9725
37.5734, 19.881
37.5734, 18.7889
37.5734, 17.6966
37.6778, 16.6053
37.6778, 15.5131
37.6778, 14.421
37.6778, 13.3289
37.7821, 12.2374
37.7821, 11.1453
37.7821, 10.0531
37.8864, 8.9617
37.8864, 7.8695
37.8864, 6.7774
37.8864, 5.6852
37.9909, 4.5937
37.9909, 3.5016
37.9909, 2.4095
38.0952, 1.3181
38.0952, 0.2259
38.0952, -0.8662
38.0952, -1.9584
38.1996, -3.0498
38.1996, -4.142
38.304, -5.2334
38.304, -6.3256
38.304, -7.4177
38.4083, -8.5091
38.4083, -9.6013
38.4083, -10.6935
38.5127, -11.7849
38.5127, -12.877
38.5127, -13.9691
38.5127, -15.0613
38.6171, -16.1528
38.6171, -17.2449
38.6171, -18.3371
38.6171, -19.4292
38.7215, -20.5207
38.7215, -21.6128
38.8258, -22.7043
38.8258, -23.7964
38.8258, -24.8885
38.9302, -25.98
38.9302, -27.0721
39.0346, -28.1636
39.0346, -29.2557
39.1389, -30.3472
39.1389, -31.4393
39.2433, -31.4386
39.3477, -30.3457
39.2433, -30.3465
39.3477, -29.2536
39.4521, -28.1607
39.4521, -27.0686
39.4521, -25.9764
39.5564, -24.8836
39.5564, -23.7913
39.5564, -22.6993
39.6608, -21.6064
39.6608, -20.5143
39.6608, -19.4221
39.7652, -18.3292
39.7652, -17.2371
39.7652, -16.1449
39.8695, -15.0521
39.8695, -13.9599
39.8695, -12.8678
39.8695, -11.7755
39.8695, -10.6835
39.9739, -9.5906
39.9739, -8.4985
39.9739, -7.4062
40.0783, -6.3135
40.0783, -5.2213
40.1826, -4.1284
40.1826, -3.0363
40.287, -1.9434
40.287, -0.8513
40.287, 0.2409
40.3914, 1.3336
40.3914, 2.4259
40.3914, 3.518
40.4958, 4.6109
40.4958, 5.7029
40.4958, 6.7952
40.4958, 7.8873
40.6, 8.9802
40.6, 10.0724
40.6, 11.1645
40.6, 12.2567
40.7045, 13.3495
40.7045, 14.4417
40.8089, 15.5345
40.8089, 16.6267
40.9132, 17.7195
40.9132, 18.8117
41.0176, 19.9045
41.0176, 20.9967
41.1219, 22.0896
41.1219, 23.1817
41.2264, 23.1824
41.3307, 22.091
41.4351, 20.9996
41.4351, 19.9074
41.5394, 18.8159
41.5394, 17.7238
41.5394, 16.6317
41.6438, 15.5402
41.6438, 14.4481
41.6438, 13.3559
41.7482, 12.2645
41.7482, 11.1723
41.7482, 10.0802
41.8526, 8.9888
41.8526, 7.8965
41.8526, 6.8045
41.9569, 5.713
41.9569, 4.6209
41.9569, 3.5287
42.0613, 2.4373
42.0613, 1.3451
42.0613, 0.253
42.1657, -0.8385
42.1657, -1.9306
42.1657, -3.0228
42.2701, -4.1142
42.2701, -5.2063
42.2701, -6.2985
42.3744, -7.3899
42.3744, -8.4821
42.4788, -9.5735
42.4788, -10.6657
42.4788, -11.7578
42.4788, -12.85
42.4788, -13.9421
42.5832, -15.0336
42.5832, -16.1257
42.5832, -17.2179
42.6875, -18.3093
42.6875, -19.4015
42.6875, -20.4936
42.7919, -21.585
42.7919, -22.6772
42.7919, -23.7692
42.8963, -24.8608
42.8963, -25.9529
43.0007, -27.0444
43.0007, -28.1365
43.105, -29.228
43.2094, -29.2272
43.3138, -29.2265
43.4181, -28.1337
43.3138, -28.1344
43.4181, -27.0415
43.5225, -25.9487
43.5225, -24.8565
43.5225, -23.7644
43.6269, -22.6715
43.6269, -21.5793
43.7311, -20.4865
43.7311, -19.3942
43.7311, -18.3022
43.7311, -17.21
43.8356, -16.1172
43.8356, -15.025
43.94, -13.9322
43.94, -12.8399
43.94, -11.7478
44.0444, -10.655
44.0444, -9.5628
44.0444, -8.4707
44.1487, -7.3778
44.1487, -6.2857
44.253, -5.1928
44.253, -4.1007
44.3575, -3.0078
44.3575, -1.9156
44.3575, -0.8235
44.4618, 0.2694
44.4618, 1.3615
44.5662, 2.4544
44.5662, 3.5465
44.5662, 4.6387
44.5662, 5.7308
44.6705, 6.8237
44.6705, 7.9158
44.775, 9.0087
44.775, 10.1009
44.775, 11.193
44.8793, 12.2859
44.8793, 13.378
44.8793, 14.4702
44.9837, 15.563
44.9837, 16.6552
45.0881, 17.748
45.1924, 18.8409
45.1924, 19.9331
45.2968, 19.9338
45.4012, 19.9344
45.5055, 18.843
45.6099, 18.8437
45.6099, 17.7516
45.7143, 16.6602
45.7143, 15.568
45.7143, 14.4759
45.8187, 13.3844
45.923, 12.293
45.923, 11.2008
46.0274, 10.1094
46.0274, 9.0173
46.0274, 7.9251
46.1318, 6.8336
46.1318, 5.7415
46.1318, 4.6494
46.2361, 3.5579
46.2361, 2.4658
46.2361, 1.3736
46.3405, 0.2822
46.3405, -0.81
46.3405, -1.9021
46.4449, -2.9936
46.4449, -4.0857
46.5492, -5.1771
46.5492, -6.2692
46.6536, -7.3607
46.6536, -8.4529
46.758, -9.5443
46.758, -10.6364
46.758, -11.7286
46.8624, -12.8201
46.8624, -13.9122
46.8624, -15.0044
46.8624, -16.0965
46.9667, -17.1879
46.9667, -18.2801
46.9667, -19.3721
47.0711, -20.4637
47.0711, -21.5558
47.1755, -22.6473
47.1755, -23.7393
47.1755, -24.8316
47.2798, -25.923
47.2798, -27.0152
47.3841, -28.1066
47.4886, -28.1059
47.593, -28.1052
47.6973, -28.1045
47.8016, -27.0116
47.6973, -27.0123
47.8016, -25.9194
47.9061, -24.8266
47.9061, -23.7344
47.9061, -22.6423
48.0104, -21.5493
48.0104, -20.4573
48.1148, -19.3644
48.1148, -18.2723
48.2192, -17.1794
48.2192, -16.0872
48.2192, -14.995
48.3235, -13.9022
48.3235, -12.8101
48.3235, -11.7179
48.4279, -10.6251
48.4279, -9.5329
48.4279, -8.4408
48.5323, -7.3479
48.5323, -6.2558
48.5323, -5.1636
48.6367, -4.0707
48.741, -2.9779
48.741, -1.8857
48.741, -0.7936
48.8454, 0.2993
48.8454, 1.3914
48.9498, 2.4843
48.9498, 3.5764
48.9498, 4.6686
49.0541, 5.7614
49.0541, 6.8536
49.1585, 7.9465
49.1585, 9.0386
49.1585, 10.1308
49.2629, 11.2236
49.2629, 12.3158
49.3673, 13.4087
49.3673, 14.5008
49.4716, 15.5937
49.4716, 16.6858
49.576, 17.7787
49.576, 18.8708
49.6804, 19.9637
49.7847, 21.0566
49.8891, 21.0573
49.9935, 21.058
50.0977, 21.0587
50.2022, 21.0594
50.3066, 19.968
50.3066, 18.8758
50.411, 17.7844
50.411, 16.6922
50.5152, 15.6008
50.5152, 14.5086
50.6197, 13.4172
50.6197, 12.325
50.7241, 11.2336
50.7241, 10.1415
50.7241, 9.0493
50.8284, 7.9579
50.8284, 6.8657
50.9327, 5.7743
50.9327, 4.6821
51.0372, 3.5907
51.0372, 2.4985
51.0372, 1.4064
51.1416, 0.315
51.1416, -0.7772
51.2459, -1.8686
51.2459, -2.9607
51.3503, -4.0522
51.3503, -5.1444
51.4546, -6.2358
51.4546, -7.328
51.559, -8.4194
51.559, -9.5114
51.559, -10.6037
51.559, -11.6958
51.6634, -12.7873
51.6634, -13.8794
51.6634, -14.9716
51.7678, -16.063
51.7678, -17.1552
51.8721, -18.2466
51.8721, -19.3388
51.9765, -20.4302
52.0809, -20.4295
52.1853, -21.5209
52.1853, -22.6131
52.2896, -23.7045
52.394, -24.7959
52.4984, -25.8874
52.6027, -25.8867
52.7071, -25.886
52.8115, -24.7931
52.9159, -23.7002
52.9159, -22.608
52.9159, -21.5159
53.0202, -20.4231
53.0202, -19.3309
53.1246, -18.2381
53.1246, -17.1459
53.229, -16.053
53.229, -14.9609
53.229, -13.8687
53.229, -12.7766
53.3333, -11.6837
53.3333, -10.5916
53.3333, -9.4994
53.4377, -8.4066
53.4377, -7.3144
53.4377, -6.2223
53.5421, -5.1294
53.5421, -4.0373
53.6463, -2.9444
53.6463, -1.8521
53.7508, -0.7593
53.7508, 0.3328
53.7508, 1.4249
53.8552, 2.5178
53.8552, 3.6099
53.8552, 4.7021
53.9596, 5.7949
53.9596, 6.8871
53.9596, 7.9792
54.0639, 9.0721
54.0639, 10.1643
54.0639, 11.2564
54.1683, 12.3493
54.1683, 13.4414
54.1683, 14.5335
54.2727, 15.6263
54.2727, 16.7186
54.2727, 17.8107
54.377, 18.9036
54.4814, 19.9965
54.4814, 21.0886
54.4814, 22.1808
54.5857, 23.2736
54.5857, 24.3658
54.6902, 25.4586
54.7945, 25.4593
54.8989, 24.3679
55.0033, 23.2765
55.0033, 22.1843
55.1076, 21.0929
55.1076, 20.0007
55.1076, 18.9085
55.212, 17.8171
55.212, 16.725
55.212, 15.6328
55.212, 14.5407
55.3164, 13.4493
55.3164, 12.3571
55.3164, 11.265
55.4207, 10.1735
55.4207, 9.0814
55.5251, 7.9899
55.5251, 6.8978
55.6295, 5.8063
55.6295, 4.7142
55.7339, 3.6228
55.7339, 2.5306
55.7339, 1.4385
55.8382, 0.347
55.8382, -0.745
55.9426, -1.8366
55.9426, -2.9287
55.9426, -4.0209
56.047, -5.1123
56.047, -6.2045
56.1513, -7.2959
56.1513, -8.388
56.1513, -9.4802
56.1513, -10.5723
56.1513, -11.6644
56.2557, -12.7559
56.2557, -13.8481
56.2557, -14.9402
56.3601, -16.0317
56.3601, -17.1238
56.3601, -18.216
56.3601, -19.3081
56.4644, -20.3996
56.4644, -21.4917
56.4644, -22.5838
56.5688, -23.6753
56.5688, -24.7673
56.6732, -25.8589
56.6732, -26.951
56.6732, -28.0432
56.6732, -29.1353
56.7776, -30.2268
56.7776, -31.3189
56.8819, -31.3182
56.9863, -31.3175
57.0907, -30.2246
56.9863, -30.2253
57.0907, -29.1325
56.9863, -29.1332
57.0907, -28.0403
57.0907, -26.9482
57.0907, -25.8559
57.195, -24.7631
57.195, -23.671
57.195, -22.5789
57.195, -21.4867
57.2993, -20.3939
57.2993, -19.3017
57.2993, -18.2096
57.2993, -17.1174
57.2993, -16.0253
57.2993, -14.9331
57.4038, -13.8401
57.4038, -12.7481
57.4038, -11.6559
57.4038, -10.5638
57.4038, -9.4716
57.4038, -8.3795
57.4038, -7.2873
57.5082, -6.1945
57.5082, -5.1023
57.5082, -4.0102
57.6125, -2.9173
57.6125, -1.8252
57.6125, -0.733
57.6125, 0.3591
57.6125, 1.4513
57.7168, 2.5441
57.7168, 3.6362
57.7168, 4.7284
57.7168, 5.8206
57.7168, 6.9127
57.8213, 8.0056
57.8213, 9.0977
57.8213, 10.1899
57.8213, 11.2821
57.8213, 12.3742
57.9256, 13.4671
57.9256, 14.5592
57.9256, 15.6514
57.9256, 16.7435
57.9256, 17.8357
58.03, 18.9285
58.03, 20.0207
58.03, 21.1128
58.1344, 22.2057
58.2387, 22.2064
58.3431, 21.115
58.4475, 20.0235
58.3431, 20.0228
58.4475, 18.9314
58.5518, 17.8399
58.5518, 16.7478
58.6562, 15.6564
58.6562, 14.5642
58.6562, 13.4721
58.6562, 12.3799
58.7606, 11.2885
58.7606, 10.1963
58.7606, 9.1042
58.7606, 8.012
58.7606, 6.9199
58.7606, 5.8277
58.865, 4.7363
58.865, 3.6441
58.865, 2.552
58.865, 1.4598
58.9693, 0.3684
58.9693, -0.7238
58.9693, -1.8159
58.9693, -2.9081
58.9693, -4.0002
59.0737, -5.0916
59.0737, -6.1838
59.0737, -7.2759
59.0737, -8.3681
59.0737, -9.4602
59.1781, -10.5516
59.1781, -11.6438
59.1781, -12.736
59.1781, -13.8281
59.1781, -14.9203
59.2825, -16.0117
59.2825, -17.1039
59.2825, -18.196
59.2825, -19.2882
59.2825, -20.3803
59.3868, -21.4718
59.3868, -22.5638
59.3868, -23.6561
59.3868, -24.7482
59.3868, -25.8404
59.4912, -26.9318
59.4912, -28.024
59.4912, -29.1161
59.4912, -30.2083
59.5956, -31.2997
59.5956, -32.3918
59.6999, -32.3911
59.8043, -32.3904
59.8043, -31.2983
59.8043, -30.2061
59.9087, -29.1133
59.8043, -29.114
59.9087, -28.0211
59.9087, -26.929
59.9087, -25.8368
59.9087, -24.7447
59.9087, -23.6524
60.013, -22.5596
60.013, -21.4675
60.013, -20.3753
60.013, -19.2832
60.013, -18.191
60.013, -17.0989
60.013, -16.0067
60.1174, -14.9139
60.1174, -13.8216
60.1174, -12.7296
60.1174, -11.6374
60.1174, -10.5453
60.1174, -9.4531
60.1174, -8.361
60.2218, -7.2681
60.2218, -6.176
60.2218, -5.0838
60.2218, -3.9917
60.3262, -2.8988
60.3262, -1.8066
60.3262, -0.7145
60.3262, 0.3777
60.3262, 1.4698
60.3262, 2.562
60.4304, 3.6548
60.4304, 4.7469
60.4304, 5.8391
60.4304, 6.9313
60.4304, 8.0234
60.5349, 9.1163
60.5349, 10.2084
60.5349, 11.3006
60.5349, 12.3927
60.5349, 13.4849
60.6393, 14.5777
60.6393, 15.6699
60.6393, 16.762
60.6393, 17.8542
60.7436, 18.9471
60.7436, 20.0392
60.7436, 21.1314
60.8479, 22.2242
60.9524, 22.2248
61.0568, 22.2256
61.1611, 21.1342
61.0568, 21.1335
61.1611, 20.0421
61.1611, 18.9499
61.1611, 17.8578
61.2655, 16.7663
61.2655, 15.6742
61.2655, 14.5819
61.2655, 13.4899
61.2655, 12.3977
61.2655, 11.3056
61.3699, 10.2141
61.3699, 9.1219
61.3699, 8.0298
61.3699, 6.9377
61.3699, 5.8455
61.3699, 4.7534
61.4742, 3.6619
61.4742, 2.5697
61.4742, 1.4776
61.4742, 0.3855
61.4742, -0.7067
61.4742, -1.7988
61.4742, -2.891
61.5786, -3.9824
61.5786, -5.0745
61.5786, -6.1667
61.5786, -7.2588
61.5786, -8.351
61.683, -9.4424
61.683, -10.5346
61.683, -11.6267
61.683, -12.7189
61.683, -13.811
61.683, -14.9032
61.683, -15.9952
61.683, -17.0875
61.7873, -18.1789
61.7873, -19.2711
61.7873, -20.3632
61.7873, -21.4554
61.7873, -22.5474
61.7873, -23.6397
61.8917, -24.7311
61.8917, -25.8233
61.8917, -26.9154
61.9961, -28.0069
62.1005, -26.914
61.9961, -26.9146
62.1005, -25.8218
62.2048, -24.729
62.2048, -23.6368
62.2048, -22.5447
62.2048, -21.4525
62.3092, -20.3597
62.3092, -19.2675
62.3092, -18.1754
62.3092, -17.0832
62.3092, -15.991
62.3092, -14.8989
62.4136, -13.8061
62.4136, -12.7139
62.4136, -11.6218
62.4136, -10.5295
62.4136, -9.4375
62.4136, -8.3453
62.4136, -7.253
62.4136, -6.161
62.5179, -5.0681
62.5179, -3.976
62.5179, -2.8838
62.5179, -1.7917
62.6223, -0.6987
62.6223, 0.3933
62.6223, 1.4855
62.6223, 2.5776
62.6223, 3.6698
62.6223, 4.7619
62.7267, 5.8548
62.7267, 6.9468
62.7267, 8.0391
62.7267, 9.1312
62.7267, 10.2234
62.7267, 11.3155
62.8311, 12.4083
62.8311, 13.5006
62.8311, 14.5927
62.8311, 15.6848
62.8311, 16.777
62.9354, 17.8699
62.9354, 18.962
62.9354, 20.0542
62.9354, 21.1463
62.9354, 22.2385
62.9354, 23.3306
63.0398, 23.3313
63.1442, 23.332
63.2485, 22.2406
63.1442, 22.2399
63.0398, 22.2392
63.1442, 22.2399
63.2485, 21.1485
63.2485, 20.0563
63.2485, 18.9642
63.3529, 17.8727
63.3529, 16.7806
63.3529, 15.6884
63.3529, 14.5963
63.3529, 13.5041
63.3529, 12.412
63.4573, 11.3205
63.4573, 10.2284
63.4573, 9.1362
63.4573, 8.0441
63.4573, 6.9519
63.4573, 5.8598
63.4573, 4.7675
63.4573, 3.6755
63.5615, 2.584
63.5615, 1.4919
63.5615, 0.3997
63.5615, -0.6924
63.5615, -1.7846
63.5615, -2.8767
63.5615, -3.9689
63.666, -5.0603
63.666, -6.1525
63.666, -7.2446
63.666, -8.3368
63.666, -9.4289
63.666, -10.5211
63.7704, -11.6125
63.7704, -12.7046
63.7704, -13.7968
63.7704, -14.8889
63.7704, -15.9811
63.7704, -17.0732
63.8748, -18.1647
63.8748, -19.2568
63.8748, -20.349
63.8748, -21.4411
63.8748, -22.5333
63.8748, -23.6254
63.8748, -24.7176
63.979, -25.809
63.979, -26.9012
63.979, -27.9933
63.979, -29.0855
63.979, -30.1776
64.0835, -31.2691
64.0835, -30.1769
64.0835, -29.0848
64.1879, -27.9919
64.0835, -27.9926
64.1879, -26.8997
64.1879, -25.8075
64.1879, -24.7154
64.1879, -23.6233
64.1879, -22.5311
64.1879, -21.439
64.2922, -20.3461
64.2922, -19.254
64.2922, -18.1618
64.2922, -17.0697
64.2922, -15.9775
64.2922, -14.8854
64.2922, -13.7932
64.2922, -12.701
64.2922, -11.6089
64.2922, -10.5168
64.2922, -9.4245
64.3966, -8.3317
64.3966, -7.2396
64.3966, -6.1475
64.3966, -5.0553
64.3966, -3.9632
64.3966, -2.871
64.3966, -1.7789
64.501, -0.686
64.501, 0.4062
64.501, 1.4983
64.501, 2.5905
64.501, 3.6825
64.501, 4.7748
64.501, 5.8669
64.501, 6.959
64.501, 8.0512
64.6053, 9.1441
64.6053, 10.2362
64.6053, 11.3284
64.6053, 12.4205
64.6053, 13.5127
64.6053, 14.6048
64.6053, 15.697
64.7097, 16.7898
64.7097, 17.882
64.7097, 18.9741
64.7097, 20.0663
64.7097, 21.1584
64.7097, 22.2506
64.8141, 23.3434
64.8141, 24.4356
64.9184, 24.4363
64.9184, 23.3442
64.9184, 22.252
64.9184, 21.1599
65.0228, 20.0684
65.0228, 18.9763
65.0228, 17.8841
65.0228, 16.792
65.0228, 15.6998
65.0228, 14.6077
65.0228, 13.5154
65.0228, 12.4234
65.1272, 11.3319
65.1272, 10.2398
65.1272, 9.1476
65.1272, 8.0555
65.1272, 6.9633
65.1272, 5.8712
65.1272, 4.779
65.1272, 3.6869
65.1272, 2.5947
65.1272, 1.5026
65.1272, 0.4104
65.1272, -0.6817
65.2316, -1.7732
65.2316, -2.8653
65.2316, -3.9575
65.2316, -5.0496
65.2316, -6.1418
65.2316, -7.2339
65.2316, -8.3261
65.2316, -9.4182
65.2316, -10.5104
65.3359, -11.6018
65.3359, -12.694
65.3359, -13.7861
65.3359, -14.8782
65.3359, -15.9704
65.3359, -17.0626
65.4403, -18.154
65.4403, -19.2461
65.4403, -20.3383
65.4403, -21.4304
65.4403, -22.5226
65.4403, -23.6147
65.5447, -24.7062
65.5447, -25.7983
65.5447, -26.8904
65.5447, -27.9826
65.5447, -29.0748
65.6491, -30.1662
65.6491, -31.2584
65.7534, -30.1655
65.7534, -29.0734
65.6491, -29.0741
65.7534, -27.9811
65.7534, -26.8891
65.7534, -25.7969
65.8578, -24.704
65.8578, -23.6118
65.8578, -22.5197
65.8578, -21.4276
65.8578, -20.3354
65.8578, -19.2433
65.8578, -18.1511
65.8578, -17.059
65.8578, -15.9668
65.9622, -14.874
65.9622, -13.7818
65.9622, -12.6897
65.9622, -11.5975
65.9622, -10.5053
65.9622, -9.4132
65.9622, -8.3211
65.9622, -7.2288
65.9622, -6.1368
65.9622, -5.0446
65.9622, -3.9525
66.0665, -2.8596
66.0665, -1.7675
66.0665, -0.6753
66.0665, 0.4168
66.0665, 1.509
66.0665, 2.6011
66.0665, 3.6933
66.0665, 4.7854
66.0665, 5.8776
66.0665, 6.9697
66.1709, 8.0626
66.1709, 9.1548
66.1709, 10.2469
66.1709, 11.3391
66.1709, 12.4312
66.1709, 13.5234
66.1709, 14.6155
66.1709, 15.7077
66.1709, 16.7997
66.1709, 17.892
66.2753, 18.9848
66.2753, 20.077
66.2753, 21.1691
66.2753, 22.2612
66.2753, 23.3534
66.2753, 24.4456
66.3796, 24.4463
66.484, 24.447
66.484, 23.3548
66.3796, 23.3541
66.484, 22.2627
66.484, 21.1705
66.484, 20.0784
66.484, 18.9862
66.484, 17.8941
66.5884, 16.8027
66.5884, 15.7105
66.5884, 14.6183
66.5884, 13.5262
66.5884, 12.4341
66.5884, 11.3418
66.5884, 10.2498
66.5884, 9.1576
66.5884, 8.0654
66.5884, 6.9733
66.6928, 5.8819
66.6928, 4.7896
66.6928, 3.6976
66.6928, 2.6054
66.6928, 1.5133
66.6928, 0.4211
66.6928, -0.671
66.6928, -1.7631
66.6928, -2.8553
66.6928, -3.9475
66.7971, -5.0389
66.7971, -6.1311
66.7971, -7.2232
66.7971, -8.3154
66.7971, -9.4075
66.7971, -10.4997
66.7971, -11.5918
66.7971, -12.684
66.7971, -13.7761
66.7971, -14.8683
66.7971, -15.9604
66.7971, -17.0526
66.9015, -18.144
66.9015, -19.2362
66.9015, -20.3283
66.9015, -21.4205
66.9015, -22.5126
66.9015, -23.6048
66.9015, -24.6968
66.9015, -25.7891
66.9015, -26.8812
67.0059, -27.9727
67.0059, -29.0648
67.0059, -30.157
67.1102, -29.0641
67.1102, -27.9719
67.1102, -26.8798
67.0059, -26.8805
67.0059, -25.7884
67.1102, -25.7875
67.2146, -25.7869
67.2146, -24.6947
67.2146, -23.6026
67.2146, -22.5105
67.2146, -21.4183
67.2146, -20.3262
67.2146, -19.234
67.2146, -18.1419
67.2146, -17.0497
67.319, -15.9569
67.319, -14.8647
67.319, -13.7726
67.319, -12.6804
67.319, -11.5883
67.319, -10.4961
67.319, -9.404
67.319, -8.3118
67.319, -7.2197
67.4234, -6.1268
67.4234, -5.0347
67.4234, -3.9425
67.4234, -2.8504
67.4234, -1.7582
67.4234, -0.6661
67.4234, 0.4261
67.4234, 1.5182
67.4234, 2.6104
67.4234, 3.7025
67.5276, 4.7953
67.5276, 5.8876
67.5276, 6.9797
67.5276, 8.0719
67.5276, 9.164
67.5276, 10.2562
67.632, 11.349
67.632, 12.4412
67.632, 13.5333
67.632, 14.6255
67.632, 15.7176
67.632, 16.8098
67.632, 17.9019
67.632, 18.9941
67.7365, 20.0869
67.7365, 21.1791
67.7365, 22.2711
67.7365, 23.3634
67.8408, 24.4563
67.9452, 24.457
68.0496, 24.4577
68.0496, 23.3655
68.0496, 22.2734
68.0496, 21.1812
68.1539, 20.0898
68.1539, 18.9976
68.1539, 17.9055
68.1539, 16.8133
68.1539, 15.7212
68.1539, 14.629
68.2583, 13.5375
68.2583, 12.4454
68.2583, 11.3533
68.2583, 10.261
68.2583, 9.169
68.2583, 8.0768
68.2583, 6.9847
68.3627, 5.8933
68.3627, 4.8011
68.3627, 3.709
68.3627, 2.6168
68.3627, 1.5247
68.4671, 0.4332
68.4671, -0.6589
68.4671, -1.7511
68.4671, -2.8432
68.4671, -3.9354
68.5714, -5.0268
68.5714, -6.119
68.5714, -7.2111
68.5714, -8.3033
68.5714, -9.3954
68.5714, -10.4876
68.6758, -11.579
68.6758, -12.6712
68.6758, -13.7633
68.6758, -14.8555
68.6758, -15.9476
68.6758, -17.0398
68.6758, -18.1319
68.7802, -19.2233
68.7802, -20.3155
68.7802, -21.4076
68.7802, -22.4998
68.7802, -23.5918
68.8845, -24.6834
68.8845, -25.7755
68.8845, -26.8677
68.8845, -27.9598
68.9889, -29.0513
68.9889, -30.1434
69.0933, -29.0506
69.1977, -27.9577
69.0933, -27.9584
69.1977, -26.8655
69.1977, -25.7734
69.1977, -24.6812
69.302, -23.5884
69.302, -22.4962
69.302, -21.4041
69.302, -20.3119
69.4064, -19.2191
69.4064, -18.1269
69.4064, -17.0348
69.4064, -15.9426
69.4064, -14.8505
69.5108, -13.7576
69.5108, -12.6655
69.5108, -11.5733
69.5108, -10.4812
69.5108, -9.389
69.5108, -8.2969
69.6151, -7.204
69.6151, -6.1118
69.6151, -5.0197
69.6151, -3.9275
69.7195, -2.8347
69.7195, -1.7425
69.7195, -0.6503
69.8239, 0.4425
69.8239, 1.5346
69.8239, 2.6268
69.8239, 3.7189
69.8239, 4.8111
69.9282, 5.9039
69.9282, 6.9961
69.9282, 8.0882
69.9282, 9.1804
69.9282, 10.2725
69.9282, 11.3647
70.0326, 12.4576
70.0326, 13.5497
70.0326, 14.6419
70.0326, 15.734
70.0326, 16.8262
70.137, 17.919
70.137, 19.0112
70.137, 20.1033
70.137, 21.1955
70.2414, 22.2883
70.3457, 22.289
70.3457, 21.1969
70.2414, 21.1962
70.3457, 21.1969
70.4501, 20.1055
70.4501, 19.0133
70.5545, 17.9219
70.5545, 16.8296
70.5545, 15.7376
70.5545, 14.6454
70.5545, 13.5533
70.6588, 12.4618
70.6588, 11.3697
70.6588, 10.2775
70.6588, 9.1854
70.7631, 8.0939
70.7631, 7.0018
70.7631, 5.9096
70.7631, 4.8175
70.7631, 3.7252
70.8676, 2.6339
70.8676, 1.5417
70.8676, 0.4496
70.8676, -0.6425
70.8676, -1.7347
70.8676, -2.8268
70.972, -3.9183
70.972, -5.0104
70.972, -6.1026
70.972, -7.1947
71.0763, -8.2862
71.0763, -9.3783
71.0763, -10.4705
71.0763, -11.5626
71.0763, -12.6548
71.0763, -13.7469
71.1807, -14.8384
71.1807, -15.9304
71.1807, -17.0227
71.1807, -18.1148
71.2851, -19.2062
71.2851, -20.2984
71.2851, -21.3905
71.2851, -22.4827
71.3894, -23.5741
71.3894, -24.6663
71.3894, -25.7584
71.4938, -26.8498
71.4938, -27.942
71.4938, -29.0342
71.5981, -30.1256
71.7025, -29.0327
71.5981, -29.0335
71.7025, -27.9405
71.8069, -27.9399
71.8069, -26.8477
71.8069, -25.7556
71.8069, -24.6634
71.9113, -23.5706
71.9113, -22.4784
71.9113, -21.3862
71.9113, -20.2941
71.9113, -19.202
71.9113, -18.1098
72.0157, -17.017
72.0157, -15.9247
72.0157, -14.8327
72.0157, -13.7405
72.0157, -12.6484
72.0157, -11.5562
72.0157, -10.4641
72.0157, -9.3719
72.12, -8.279
72.12, -7.1869
72.12, -6.0947
72.12, -5.0026
72.2244, -3.9097
72.2244, -2.8176
72.2244, -1.7254
72.2244, -0.6333
72.2244, 0.4588
72.3288, 1.5516
72.3288, 2.6439
72.3288, 3.736
72.3288, 4.8282
72.3288, 5.9203
72.4331, 7.0132
72.4331, 8.1053
72.4331, 9.1975
72.4331, 10.2896
72.4331, 11.3818
72.4331, 12.4739
72.4331, 13.5661
72.5375, 14.659
72.5375, 15.7511
72.5375, 16.8433
72.5375, 17.9354
72.5375, 19.0276
72.6419, 20.1204
72.6419, 21.2126
72.6419, 22.3047
72.6419, 23.3969
72.7462, 24.4897
72.8506, 24.4904
72.955, 24.4912
72.955, 23.399
72.955, 22.3069
73.0594, 21.2154
73.0594, 20.1233
73.0594, 19.0311
73.0594, 17.939
73.1637, 16.8475
73.1637, 15.7553
73.1637, 14.6632
73.1637, 13.5711
73.1637, 12.4788
73.2681, 11.3875
73.2681, 10.2953
73.2681, 9.2032
73.2681, 8.111
73.2681, 7.0189
73.2681, 5.9266
73.3725, 4.8353
73.3725, 3.7431
73.3725, 2.651
73.3725, 1.5589
73.3725, 0.4667
73.3725, -0.6254
73.4768, -1.7168
73.4768, -2.809
73.4768, -3.9012
73.4768, -4.9933
73.5812, -6.0848
73.5812, -7.1769
73.5812, -8.2691
73.5812, -9.3612
73.5812, -10.4534
73.5812, -11.5455
73.5812, -12.6377
73.6856, -13.729
73.6856, -14.8213
73.6856, -15.9134
73.6856, -17.0056
73.79, -18.097
73.79, -19.1891
73.79, -20.2812
73.79, -21.3734
73.8942, -22.4649
73.8942, -23.557
73.9987, -24.6484
73.9987, -25.7406
74.1031, -25.7399
74.2074, -26.8313
74.2074, -27.9235
74.3118, -27.9228
74.4162, -26.8298
74.3118, -26.8306
74.4162, -25.7378
74.4162, -24.6456
74.5205, -23.5528
74.5205, -22.4606
74.5205, -21.3685
74.5205, -20.2763
74.6249, -19.1834
74.6249, -18.0913
74.6249, -16.999
74.6249, -15.907
74.6249, -14.8148
74.6249, -13.7227
74.7292, -12.6298
74.7292, -11.5377
74.7292, -10.4455
74.7292, -9.3534
74.7292, -8.2612
74.7292, -7.1691
74.8336, -6.0762
74.8336, -4.9841
74.8336, -3.8919
74.8336, -2.7997
74.8336, -1.7076
74.938, -0.6148
74.938, 0.4774
74.938, 1.5695
74.938, 2.6617
74.938, 3.7538
74.938, 4.846
74.938, 5.9381
74.938, 7.0303
75.0424, 8.1232
75.0424, 9.2153
75.0424, 10.3075
75.0424, 11.3996
75.0424, 12.4918
75.0424, 13.5838
75.1468, 14.6768
75.1468, 15.7689
75.1468, 16.8611
75.2511, 17.9539
75.2511, 19.0461
75.2511, 20.1381
75.2511, 21.2304
75.3555, 22.3232
75.3555, 23.4154
75.4599, 23.4161
75.5643, 22.3247
75.6686, 21.2332
75.5643, 21.2325
75.6686, 20.1411
75.6686, 19.0489
75.6686, 17.9567
75.6686, 16.8646
75.6686, 15.7725
75.773, 14.681
75.773, 13.5889
75.773, 12.4967
75.773, 11.4046
75.773, 10.3124
75.8774, 9.221
75.8774, 8.1289
75.8774, 7.0367
75.8774, 5.9445
75.8774, 4.8524
75.8774, 3.7603
75.8774, 2.6681
75.9817, 1.5767
75.9817, 0.4845
75.9817, -0.6076
75.9817, -1.6998
75.9817, -2.7919
76.0861, -3.8834
76.0861, -4.9755
76.0861, -6.0677
76.0861, -7.1598
76.1905, -8.2513
76.1905, -9.3434
76.1905, -10.4356
76.1905, -11.5276
76.1905, -12.6199
76.1905, -13.712
76.2948, -14.8034
76.2948, -15.8956
76.3992, -16.987
76.3992, -18.0792
76.3992, -19.1713
76.3992, -20.2635
76.3992, -21.3556
76.3992, -22.4478
76.5036, -23.5392
76.5036, -24.6314
76.5036, -25.7235
76.5036, -26.8157
76.608, -27.9071
76.608, -28.9992
76.608, -30.0914
76.7123, -30.0907
76.8167, -30.09
76.8167, -28.9978
76.9211, -27.905
76.9211, -26.8128
76.9211, -25.7207
77.0254, -24.6278
77.0254, -23.5356
77.0254, -22.4435
77.0254, -21.3514
77.0254, -20.2591
77.1298, -19.1663
77.1298, -18.0742
77.1298, -16.982
77.1298, -15.8899
77.1298, -14.7976
77.1298, -13.7056
77.1298, -12.6134
77.2342, -11.5206
77.2342, -10.4284
77.2342, -9.3363
77.2342, -8.2441
77.2342, -7.152
77.3386, -6.0591
77.3386, -4.967
77.3386, -3.8748
77.3386, -2.7827
77.4429, -1.6898
77.4429, -0.5977
77.4429, 0.4945
77.4429, 1.5866
77.4429, 2.6787
77.5473, 3.7717
77.5473, 4.8638
77.5473, 5.956
77.5473, 7.0481
77.5473, 8.1403
77.5473, 9.2324
77.6517, 10.3253
77.6517, 11.4174
77.6517, 12.5096
77.6517, 13.6017
77.6517, 14.6939
77.756, 15.7867
77.756, 16.8789
77.756, 17.971
77.756, 19.0632
77.8604, 20.156
77.8604, 21.2482
77.8604, 22.3403
77.8604, 23.4325
77.9647, 24.5253
77.9647, 25.6175
78.0691, 25.6181
78.1735, 24.5268
78.0691, 24.5261
78.1735, 23.4346
78.2779, 22.3432
78.1735, 22.3425
78.2779, 21.251
78.2779, 20.1589
78.3822, 19.0675
78.3822, 17.9752
78.3822, 16.8832
78.3822, 15.791
78.3822, 14.6989
78.4866, 13.6074
78.4866, 12.5152
78.4866, 11.4231
78.4866, 10.331
78.591, 9.2395
78.591, 8.1474
78.591, 7.0552
78.591, 5.963
78.591, 4.8709
78.6954, 3.7795
78.6954, 2.6873
78.6954, 1.5952
78.6954, 0.503
78.6954, -0.5891
78.6954, -1.6813
78.7997, -2.7727
78.7997, -3.8648
78.7997, -4.9569
78.9041, -6.0484
78.9041, -7.1406
78.9041, -8.2327
78.9041, -9.3249
78.9041, -10.417
78.9041, -11.5091
78.9041, -12.6013
79.0085, -13.6928
79.0085, -14.7849
79.0085, -15.8771
79.0085, -16.9691
79.0085, -18.0614
79.1129, -19.1528
79.1129, -20.245
79.2172, -20.2443
79.2172, -21.3364
